16	1	-8554.319932	240	300
355	1	-1512.401694	240	300
17	2	-8554.319932	240	300
354	2	-1512.401694	240	300
10	3	-1266.624446	411	513.75
219	3	-1484.56057	240	300
220	3	-1484.56057	240	300
7	4	-1029.760066	565.5	706.875
11	4	-6253.908693	502.5	628.125
14	4	-3102.699348	696	870
16	4	-1500.375094	565.5	706.875
22	4	-2325.581395	525	656.25
245	4	-1449.065353	240	300
246	4	-1449.065353	240	300
5	6	-3278.688525	600	750
7	5	-2507.522568	571.5	714.375
10	5	-891.3450397	571.5	714.375
309	5	-1457.725948	240	300
309	5	-1457.725948	240	300
6	8	-7524.454477	1316	1645
6	9	-2721.088435	1427	1783.75
15	6	-2926.543752	1427	1783.75
31	6	-6640.106242	1385	1731.25
310	6	-1616.031028	375	468.75
12	7	-1143.902997	571.5	714.375
13	7	-7541.47813	502.5	628.125
19	7	-2457.002457	484.5	605.625
21	7	-15360.9831	240	300
29	7	-1333.688984	543	678.75
321	7	-2969.12114	375	468.75
322	7	-1476.01476	240	300
8	18	-2514.458134	1316	1645
332	9	-1906.941266	495	618.75
171	10	-960.338039	696	870
346	10	-1462.202076	240	300
347	10	-1462.202076	240	300
16	11	-2530.364372	696	870
17	11	-2530.364372	696	870
111	11	-1613.94448	591	738.75
352	11	-1449.065353	240	300
353	11	-1449.065353	240	300
140	12	-944.3762395	696	870
359	12	-1512.401694	240	300
360	12	-1512.401694	240	300
29	13	-1232.437762	508.5	635.625
365	13	-1449.065353	240	300
366	13	-1449.065353	240	300
17	14	-3505.082369	696	870
367	14	-1471.020888	240	300
368	14	-1449.065353	240	300
18	15	-2346.316283	1662	2077.5
15	165	-4042.037187	1246.5	1558.125
374	15	-1616.031028	375	468.75
16	18	-3969.829297	750	937.5
16	73	-1602.564103	696	870
17	18	-3969.829297	750	937.5
17	74	-1561.28025	696	870
20	18	-13351.13485	1427	1783.75
75	18	-4221.190376	1434	1792.5
18	76	-6153.846154	1662	2077.5
18	101	-3611.412062	1662	2077.5
124	19	-808.6689309	696	870
425	19	-1466.705779	240	300
67	20	-2919.708029	1246.5	1558.125
447	20	-1634.253963	375	468.75
448	20	-1634.253963	375	468.75
502	21	-1407.063459	240	300
112	22	-3819.709702	543	678.75
526	22	-1449.065353	240	300
527	22	-1449.065353	240	300
37	23	-1422.272792	591	738.75
46	23	-2054.231717	685.5	856.875
53	23	-1524.855139	411	513.75
540	23	-1497.005988	240	300
54	24	-1746.114894	240	300
545	24	-1489.203276	240	300
41	25	-2412.545235	411	513.75
53	25	-2969.12114	696	870
54	25	-71428.57143	696	870
564	25	-1280.737705	240	300
38	26	-1924.557352	240	300
568	26	-1511.487304	240	300
28	27	-1000000	1314	1642.5
33	27	-6693.440428	240	300
48	27	-1609.010459	543	678.75
27	74	-1382.934587	456	570
47	28	-5561.735261	696	870
28	88	-1225.340032	543	678.75
30	29	-1000000	1314	1642.5
29	32	-4768.717215	750	937.5
45	29	-2486.943546	696	870
48	29	-2334.812048	696	870
613	29	-1476.01476	240	300
46	30	-2486.943546	696	870
49	30	-2202.158115	543	678.75
32	31	-1000000	1593	1991.25
39	31	-4664.179104	1385	1731.25
36	32	-5291.005291	747	933.75
615	33	-1439.677512	240	300
35	34	-1000000	1593	1991.25
34	51	-7112.375533	1385	1731.25
183	34	-4372.540446	1385	1731.25
183	35	-4372.540446	1385	1731.25
617	35	-1652.346332	375	468.75
644	36	-1652.346332	375	468.75
645	36	-1624.431449	375	468.75
38	37	-1000000	1314	1642.5
663	37	-1511.487304	240	300
55	38	-4816.955684	591	738.75
40	39	-1000000	1593	1991.25
682	39	-1671.122995	375	468.75
44	40	-7830.853563	1385	1731.25
679	40	-1603.849238	375	468.75
42	41	-1000000	1314	1642.5
41	43	-3333.333333	600	750
80	41	-2283.105023	913.5	1141.875
47	42	-1523.461304	411	513.75
54	42	-3783.579266	588	735
689	42	-1462.202076	240	300
44	43	-1000000	1593	1991.25
99	43	-5015.045135	1246.5	1558.125
50	44	-9115.770283	1662	2077.5
46	45	-1000000	1314	1642.5
49	45	-1640.150894	591	738.75
706	47	-1476.01476	240	300
707	47	-1476.01476	240	300
49	48	-1000000	1314	1642.5
717	48	-1474.27392	240	300
716	49	-1463.914507	240	300
51	50	-1000000	1593	1991.25
98	50	-5592.841163	1246.5	1558.125
100	50	-1803.751804	1246.5	1558.125
726	50	-1644.736842	375	468.75
727	51	-1603.849238	375	468.75
53	52	-11389.52164	240	300
754	52	-1480.604086	240	300
181	55	-1197.174668	591	738.75
778	55	-1478.852411	240	300
74	56	-7806.401249	591	738.75
796	56	-1475.579165	240	300
81	57	-20161.29032	205.5	256.875
80	58	-20161.29032	205.5	256.875
63	59	-7117.437722	543	678.75
82	59	-1419.446416	543	678.75
821	59	-1471.020888	240	300
60	85	-1686.340641	543	678.75
104	60	-2444.390125	696	870
834	60	-1444.877908	240	300
836	60	-794.723039	150	187.5
62	61	-1000000	1314	1642.5
64	61	-2602.13375	696	870
109	61	-16129.03226	696	870
184	61	-1415.227852	411	513.75
82	62	-9132.420091	696	870
110	62	-16129.03226	696	870
71	63	-3247.80773	543	678.75
91	63	-3611.412062	591	738.75
94	63	-7936.507937	696	870
96	63	-2360.717658	543	678.75
64	69	-3361.344538	696	870
79	64	-4101.722724	543	678.75
93	64	-7936.507937	696	870
95	64	-2360.717658	543	678.75
90	65	-2420.135528	591	738.75
65	91	-6915.629322	591	738.75
66	67	-4775.549188	750	937.5
66	68	-4246.284501	685.5	856.875
152	66	-1207.000604	696	870
138	67	-4863.81323	1299	1623.75
911	67	-1595.150742	375	468.75
912	67	-1595.150742	375	468.75
68	78	-2407.897905	696	870
978	68	-1493.875112	240	300
979	68	-1503.081317	240	300
83	69	-10080.64516	696	870
995	69	-1526.717557	240	300
996	69	-1419.446416	240	300
70	73	-10298.66117	685.5	856.875
107	70	-24213.07506	685.5	856.875
72	71	-1000000	1314	1642.5
86	71	-10298.66117	543	678.75
1059	71	-1432.049262	240	300
1060	71	-1475.579165	240	300
73	75	-4091.653028	495	618.75
87	73	-3507.541214	696	870
74	76	-4050.222762	495	618.75
74	108	-19342.35977	696	870
76	75	-1000000	1593	1991.25
76	105	-3628.447025	1267.5	1584.375
84	77	-3752.345216	685.5	856.875
85	77	-7225.433526	696	870
1095	77	-1493.875112	240	300
1096	77	-1484.56057	240	300
78	103	-2969.12114	696	870
1106	78	-1462.202076	240	300
88	79	-4282.655246	696	870
81	80	-1000000	1314	1642.5
80	96	-1141.552511	543	678.75
1114	80	-1493.875112	240	300
93	81	-856.6044201	543	678.75
1115	81	-1493.875112	240	300
1138	82	-1480.165779	240	300
1139	82	-1480.165779	240	300
84	83	-1000000	1314	1642.5
103	83	-4610.419548	696	870
1141	83	-1503.081317	240	300
184	84	-1411.034288	411	513.75
1192	84	-1457.725948	240	300
86	85	-1000000	1314	1642.5
1182	85	-1068.376068	240	300
86	108	-2469.135802	696	870
1184	86	-1077.934677	240	300
88	87	-1000000	1314	1642.5
94	87	-2847.38041	543	678.75
1213	87	-1489.203276	240	300
89	94	-2407.897905	696	870
102	89	-7446.016381	543	678.75
1217	89	-1522.070015	240	300
104	90	-3184.713376	696	870
1244	90	-1480.165779	240	300
1343	91	-1480.165779	240	300
100	92	-9633.911368	1267.5	1584.375
92	106	-9523.809524	1267.5	1584.375
1382	92	-1595.150742	375	468.75
1384	92	-1588.814744	375	468.75
94	93	-1000000	1314	1642.5
1418	93	-1484.56057	240	300
96	95	-1000000	1314	1642.5
102	95	-4066.693778	543	678.75
1426	96	-1498.351813	240	300
1427	97	-5500.550055	187.5	234.375
99	98	-1000000	1593	1991.25
1502	98	-1670.00668	375	468.75
101	99	-2807.411567	1267.5	1584.375
101	100	-1000000	1593	1991.25
1504	100	-1634.253963	375	468.75
1505	101	-1595.150742	375	468.75
1524	102	-1493.875112	240	300
104	103	-1000000	1314	1642.5
103	106	-3478.26087	600	750
1536	103	-1457.725948	240	300
1538	104	-1466.705779	240	300
106	105	-1000000	1593	1991.25
105	185	-5672.149745	1108	1385
106	180	-6807.35194	1108	1385
108	107	-20161.29032	696	870
1552	107	-1480.165779	240	300
1553	107	-1526.717557	240	300
112	111	-1000000	1314	1642.5
123	111	-3136.762861	696	870
124	111	-3075.03075	543	678.75
1603	111	-1600	240	300
113	114	-2736.726875	456	570
151	113	-6042.296073	456	570
1623	113	-1466.705779	240	300
1624	113	-1466.705779	240	300
114	131	-2363.507445	696	870
1647	114	-1495.215311	240	300
116	115	-1000000	1593	1991.25
133	115	-3709.198813	1385	1731.25
1649	115	-1611.343861	375	468.75
138	116	-5770.34045	1385	1731.25
1650	116	-1611.343861	375	468.75
140	117	-1241.156758	456	570
143	117	-3856.53683	696	870
1655	117	-1495.215311	240	300
119	118	-1000000	1314	1642.5
126	118	-2421.307506	696	870
142	118	-13869.62552	696	870
1680	118	-1495.215311	240	300
125	120	-1283.861856	696	870
130	120	-1301.066875	696	870
1686	120	-1503.081317	240	300
1687	120	-1503.081317	240	300
122	121	-1000000	1314	1642.5
151	121	-2272.210861	696	870
1747	121	-1466.705779	240	300
1748	121	-1466.705779	240	300
124	123	-1000000	1314	1642.5
140	123	-30211.48036	696	870
144	123	-1037.55966	543	678.75
1760	123	-444.0300164	120	150
1762	123	-1459.640928	240	300
1764	123	-431.7602867	120	150
139	124	-30211.48036	456	570
1761	124	-432.1521175	120	150
1763	124	-442.0084866	120	150
126	125	-1000000	1314	1642.5
135	125	-2886.002886	696	870
186	125	-6285.355123	696	870
1775	125	-1629.726206	240	300
126	127	-3278.688525	600	750
186	126	-6285.355123	696	870
128	127	-1000000	1593	1991.25
157	127	-2887.669651	1246.5	1558.125
145	128	-2311.604253	1122	1402.5
143	129	-1913.875598	591	738.75
129	148	-1886.792453	591	738.75
1814	129	-1686.340641	240	300
130	132	-1094.570928	571.5	714.375
130	154	-1755.617978	571.5	714.375
1822	130	-1686.340641	240	300
1823	130	-1686.340641	240	300
132	131	-1000000	1314	1642.5
131	133	-3628.447025	495	618.75
147	131	-1363.326517	696	870
151	131	-1257.071025	591	738.75
1839	131	-1077.934677	240	300
132	134	-3628.447025	495	618.75
148	132	-1363.326517	696	870
150	132	-1257.071025	591	738.75
1840	132	-1493.875112	240	300
134	133	-1000000	1593	1991.25
182	133	-29585.79882	1385	1731.25
182	134	-29585.79882	1385	1731.25
136	135	-1000000	1314	1642.5
142	135	-2230.649119	696	870
1845	135	-1629.726206	240	300
1846	135	-1457.725948	240	300
138	137	-1000000	1593	1991.25
1880	138	-1686.056314	375	468.75
1881	138	-1686.056314	375	468.75
140	139	-1000000	1314	1642.5
166	139	-1149.161112	456	570
174	139	-1464.343242	571.5	714.375
167	140	-1118.568233	456	570
1882	140	-1421.868335	240	300
144	141	-1311.991603	571.5	714.375
178	141	-1029.124215	411	513.75
1902	141	-1686.340641	240	300
1903	141	-1686.340641	240	300
1904	142	-943.3072352	150	187.5
1905	142	-943.3072352	150	187.5
144	143	-1000000	1314	1642.5
143	145	-4210.526316	750	937.5
149	143	-7587.253414	240	300
144	147	-1046.025105	456	570
1907	144	-1686.340641	240	300
146	145	-1000000	1593	1991.25
1906	145	-1611.343861	375	468.75
148	147	-1000000	1314	1642.5
154	147	-5621.135469	571.5	714.375
1919	147	-1503.081317	240	300
1920	148	-1476.01476	240	300
1925	149	-1912.411551	240	300
151	150	-1000000	1314	1642.5
152	150	-2704.164413	696	870
1987	150	-1466.705779	240	300
1988	151	-1466.705779	240	300
153	152	-1000000	1314	1642.5
2090	152	-1507.840772	240	300
2112	154	-1507.840772	240	300
2113	154	-1507.840772	240	300
166	155	-4730.368969	240	300
2134	155	-1518.602885	240	300
156	158	-3233.107016	600	750
179	156	-2360.717658	547.5	684.375
158	157	-1000000	1593	1991.25
2157	157	-1675.3225	375	468.75
176	158	-3019.323671	1246.5	1558.125
160	159	-1000000	1593	1991.25
159	165	-3871.467286	1246.5	1558.125
159	176	-6373.486297	1246.5	1558.125
2165	159	-1553.51872	375	468.75
168	160	-4040.40404	1246.5	1558.125
160	177	-6373.486297	1246.5	1558.125
2166	160	-1553.51872	375	468.75
162	161	-1000000	1314	1642.5
161	166	-701.5574576	411	513.75
2170	161	-1493.875112	240	300
162	179	-898.311175	411	513.75
2169	162	-535.9918529	180	225
164	163	-1000000	1314	1642.5
163	165	-3333.333333	750	937.5
163	172	-2383.222116	411	513.75
2188	163	-1499.025633	240	300
164	167	-1689.474573	411	513.75
2186	164	-1499.025633	240	300
2187	165	-2377.555873	495	618.75
167	166	-1000000	1314	1642.5
2195	166	-1484.56057	240	300
2196	167	-1484.56057	240	300
169	168	-1000000	1593	1991.25
2258	169	-1848.08723	495	618.75
171	170	-1000000	1314	1642.5
170	174	-624.4536031	411	513.75
2260	170	-1480.165779	240	300
2261	171	-1480.165779	240	300
173	172	-1000000	1314	1642.5
2339	172	-1481.481481	240	300
173	175	-1792.43592	411	513.75
2340	173	-941.6195857	150	187.5
175	174	-1000000	1314	1642.5
2357	174	-1484.56057	240	300
2357	175	-1499.025633	240	300
177	176	-1000000	1593	1991.25
2377	176	-1675.3225	375	468.75
2378	176	-1675.3225	375	468.75
179	178	-1000000	1314	1642.5
2380	178	-1471.020888	240	300
2381	179	-1476.01476	240	300
202	187	-563.8249887	102	127.5
423	187	-1195.600191	135	168.75
434	188	-853.8980446	210	262.5
437	188	-795.5449483	210	262.5
443	189	-1208.75136	135	168.75
513	189	-1461.347362	136.5	170.625
355	190	-1567.398119	180	225
376	190	-1379.690949	180	225
207	191	-4514.672686	180	225
529	191	-1493.875112	180	225
193	192	-4432.624113	210	262.5
194	192	-11750.88132	210	262.5
308	192	-831.0479515	205.5	256.875
453	192	-3929.273084	183	228.75
193	332	-1361.099769	210	262.5
248	194	-1146.920518	210	262.5
256	194	-1183.992422	210	262.5
332	194	-1234.720336	180	225
285	195	-1573.564123	205.5	256.875
514	195	-3361.344538	180	225
1736	196	-952.0182788	135	168.75
197	247	-1069.861988	135	168.75
351	198	-924.3852838	135	168.75
425	198	-1210.067764	114	142.5
433	199	-3126.954346	180	225
444	199	-2568.713075	180	225
200	428	-4351.610096	180	225
533	200	-987.7518767	180	225
219	201	-1177.024482	210	262.5
201	255	-1217.285453	210	262.5
239	202	-1111.111111	102	127.5
202	332	-859.9931201	102	127.5
425	203	-3611.412062	114	142.5
203	459	-853.3151293	180	225
204	526	-23255.81395	210	262.5
205	527	-23255.81395	210	262.5
224	206	-3352.329869	210	262.5
384	206	-3929.273084	210	262.5
354	207	-2249.212776	180	225
208	326	-1059.546514	180	225
208	342	-8643.042351	205.5	256.875
209	211	-4514.672686	151.5	189.375
334	209	-3333.333333	151.5	189.375
282	210	-2126.754573	180	225
353	210	-2756.339581	180	225
233	211	-1594.133588	151.5	189.375
333	211	-628.8912647	135	168.75
386	211	-1255.177608	180	225
305	212	-1301.066875	136.5	170.625
511	212	-1344.447432	136.5	170.625
333	213	-1668.891856	135	168.75
343	213	-3252.03252	135	168.75
415	213	-2326.663564	135	168.75
458	213	-8771.929825	210	262.5
473	213	-10799.13607	210	262.5
442	214	-1397.233478	180	225
533	214	-959.6008061	180	225
2249	214	-1488.316714	102	127.5
273	215	-35587.18861	180	225
279	215	-3793.626707	180	225
447	216	-10615.71125	180	225
1120	216	-1234.720336	180	225
327	217	-1135.07378	135	168.75
217	346	-1766.472355	135	168.75
219	218	-2340.276153	135	168.75
340	218	-1115.200178	135	168.75
227	219	-1583.782072	135	168.75
437	220	-4187.60469	210	262.5
510	220	-1048.547761	210	262.5
230	221	-1242.236025	210	262.5
240	221	-1613.423685	210	262.5
262	222	-3538.570418	136.5	170.625
361	222	-1348.981519	180	225
372	223	-3201.024328	159	198.75
613	223	-766.2835249	135	168.75
425	224	-999.2006395	114	142.5
225	510	-1761.183515	210	262.5
2218	225	-790.8264136	102	127.5
227	226	-5020.080321	135	168.75
226	348	-1241.00273	210	262.5
354	228	-1583.782072	180	225
392	228	-1216.10118	180	225
301	229	-1207.583625	135	168.75
431	229	-3095.017023	180	225
466	230	-646.0365657	210	262.5
231	365	-1709.109554	135	168.75
232	366	-1632.91966	135	168.75
341	233	-1539.408867	151.5	189.375
354	234	-7855.459544	273	341.25
517	234	-12468.82793	273	341.25
251	235	-4399.472063	273	341.25
355	235	-8285.004143	273	341.25
236	384	-8833.922261	210	262.5
236	385	-9165.902841	210	262.5
373	237	-1553.277415	210	262.5
516	237	-1855.976244	210	262.5
238	361	-10000	180	225
492	238	-747.8312893	180	225
284	239	-1397.233478	102	127.5
340	240	-840.2655239	135	168.75
240	401	-7204.610951	210	262.5
414	240	-983.7678308	135	168.75
241	287	-3288.391976	205.5	256.875
503	241	-8583.690987	205.5	256.875
324	242	-3580.37952	180	225
440	242	-822.0304151	135	168.75
306	243	-18903.59168	180	225
309	243	-3538.570418	180	225
486	244	-2881.014117	180	225
520	244	-6333.122229	180	225
253	245	-1923.816853	180	225
254	245	-1549.186677	180	225
281	245	-10427.52868	180	225
299	245	-4399.472063	205.5	256.875
396	245	-2157.031924	180	225
270	246	-1454.333915	180	225
304	246	-3568.879372	180	225
339	246	-1343.002955	205.5	256.875
471	246	-6720.430108	180	225
247	427	-2683.123155	135	168.75
474	248	-1096.010522	210	262.5
249	294	-8230.452675	210	262.5
474	249	-1398.797035	210	262.5
259	250	-3428.179637	210	262.5
250	349	-5402.485143	210	262.5
252	319	-3993.610224	273	341.25
352	253	-2141.78625	180	225
338	254	-7423.904974	180	225
336	255	-1253.918495	205.5	256.875
369	255	-1053.074979	210	262.5
320	256	-2495.00998	135	168.75
257	363	-4384.042087	205.5	256.875
458	257	-2236.636099	205.5	256.875
265	258	-2326.663564	180	225
1753	258	-1632.91966	180	225
436	259	-3288.391976	210	262.5
260	365	-5627.462015	180	225
493	260	-1896.453632	180	225
261	272	-5524.861878	180	225
261	353	-2590.673575	180	225
438	262	-1814.223512	180	225
323	263	-1433.691756	114	142.5
411	263	-2636.435539	136.5	170.625
516	264	-5353.319058	210	262.5
537	264	-1567.398119	135	168.75
283	265	-1143.641354	210	262.5
422	265	-3389.830508	180	225
408	266	-1259.128683	180	225
525	266	-2291.47571	180	225
280	267	-14749.26254	180	225
267	519	-15503.87597	180	225
268	527	-6574.621959	210	262.5
332	269	-1134.044001	180	225
511	269	-967.9605072	180	225
271	446	-1266.945395	180	225
272	353	-5063.291139	180	225
304	273	-8896.797153	180	225
281	274	-7288.629738	180	225
288	274	-6020.469597	180	225
275	280	-8403.361345	180	225
275	534	-10080.64516	180	225
276	299	-109890.1099	210	262.5
292	277	-6203.473945	180	225
293	277	-11627.90698	180	225
406	277	-8064.516129	180	225
526	278	-6079.027356	205.5	256.875
534	278	-50505.05051	210	262.5
441	279	-7204.610951	180	225
472	281	-12106.53753	210	262.5
291	282	-13755.15818	180	225
471	282	-7961.783439	180	225
350	283	-2244.668911	180	225
1787	283	-1592.103168	180	225
284	308	-1806.032147	205.5	256.875
286	285	-4384.042087	205.5	256.875
286	337	-1561.28025	210	262.5
473	286	-4432.624113	135	168.75
287	318	-5170.630817	210	262.5
352	288	-2429.543246	180	225
299	289	-4046.944557	205.5	256.875
472	289	-12224.93888	210	262.5
294	290	-8064.516129	135	168.75
336	290	-2958.579882	135	168.75
429	291	-3270.111184	180	225
296	293	-303030.303	210	262.5
346	294	-966.4637093	205.5	256.875
524	294	-1221.001221	210	262.5
302	295	-4306.632214	180	225
425	295	-1055.854714	135	168.75
537	295	-956.480153	135	168.75
519	296	-4187.60469	205.5	256.875
298	297	-12468.82793	180	225
297	353	-1292.657704	180	225
525	298	-2149.151085	180	225
430	300	-927.2137228	180	225
658	300	-985.3187506	135	168.75
708	300	-1328.197636	135	168.75
442	303	-1381.21547	180	225
2124	303	-1052.188552	102	127.5
345	305	-1789.86934	180	225
460	305	-783.1466834	210	262.5
512	305	-740.0828893	136.5	170.625
493	306	-5104.645227	180	225
462	307	-1867.413632	180	225
508	307	-3110.419907	180	225
349	309	-2228.163993	180	225
309	520	-7513.148009	210	262.5
312	310	-1615.508885	180	225
420	310	-12870.01287	210	262.5
435	310	-1678.133915	180	225
477	310	-2249.212776	205.5	256.875
312	311	-1000000	657	821.25
372	311	-833.3333333	135	168.75
323	312	-1329.610424	136.5	170.625
2245	313	-1479.289941	51	63.75
381	314	-987.7518767	102	127.5
387	314	-1397.233478	135	168.75
315	341	-3167.564143	135	168.75
2249	315	-986.97197	135	168.75
352	316	-9832.841691	180	225
391	316	-6915.629322	180	225
317	468	-2807.411567	180	225
514	317	-67114.09396	180	225
318	467	-67114.09396	210	262.5
319	517	-2211.900022	273	341.25
348	320	-2111.486486	210	262.5
451	321	-19531.25	180	225
454	321	-5260.389269	205.5	256.875
321	467	-1711.449598	180	225
485	321	-3677.822729	180	225
506	321	-9233.610342	210	262.5
321	530	-5903.187721	180	225
351	322	-4938.271605	180	225
389	322	-3486.750349	180	225
452	322	-14947.68311	180	225
455	322	-5063.291139	180	225
322	475	-7806.401249	180	225
322	478	-1052.188552	180	225
490	322	-2943.773918	180	225
538	324	-2653.223667	135	168.75
371	325	-7704.160247	180	225
375	325	-2647.603918	180	225
364	326	-1073.652566	180	225
361	328	-3333.333333	180	225
375	329	-1850.13876	180	225
374	330	-2887.669651	180	225
360	331	-3226.84737	180	225
395	334	-783.6990596	180	225
369	335	-1415.227852	102	127.5
2331	335	-840.2655239	102	127.5
347	336	-1202.790474	135	168.75
377	337	-5707.762557	205.5	256.875
379	337	-824.2664029	180	225
394	338	-943.129303	135	168.75
419	339	-753.920386	205.5	256.875
342	445	-1174.81203	180	225
624	342	-1192.179304	135	168.75
710	342	-2220.248668	183	228.75
377	343	-5083.884087	135	168.75
346	344	-7704.160247	210	262.5
344	346	-6915.629322	135	168.75
381	344	-8285.004143	135	168.75
523	344	-1814.223512	210	262.5
347	345	-777.6049767	210	262.5
386	347	-520.8875925	136.5	170.625
526	350	-1386.001386	180	225
406	352	-5577.244841	205.5	256.875
429	353	-3941.663382	180	225
370	354	-729.8204642	180	225
402	355	-4130.524577	273	341.25
360	356	-3929.273084	180	225
432	356	-1659.751037	180	225
509	357	-1181.614085	210	262.5
523	357	-1543.448063	135	168.75
358	380	-7961.783439	135	168.75
375	359	-1345.89502	180	225
378	359	-16129.03226	180	225
393	359	-5844.535359	135	168.75
374	361	-2429.543246	180	225
362	373	-3816.793893	180	225
477	363	-1504.890895	205.5	256.875
439	364	-1553.277415	180	225
416	365	-2923.121894	210	262.5
440	365	-1313.715187	135	168.75
484	366	-2489.419965	180	225
504	366	-1573.564123	210	262.5
578	366	-767.7543186	102	127.5
370	367	-6301.197227	180	225
445	367	-1127.649977	180	225
376	368	-4672.897196	180	225
433	368	-2874.389192	180	225
378	371	-12224.93888	180	225
393	373	-6238.303182	180	225
395	374	-688.2786152	180	225
428	374	-1216.10118	180	225
432	379	-1003.310926	180	225
410	380	-1364.070386	180	225
1602	380	-920.8103131	180	225
464	382	-17035.77513	102	127.5
383	488	-43290.04329	139.5	174.375
389	385	-7037.297678	180	225
415	387	-1280.409731	180	225
481	388	-2688.894864	135	168.75
388	518	-5549.389567	205.5	256.875
529	390	-1051.303616	205.5	256.875
404	392	-21231.42251	210	262.5
532	394	-2096.875655	180	225
526	396	-6684.491979	180	225
512	397	-717.6690111	135	168.75
481	398	-2547.121752	135	168.75
1129	399	-1407.063459	180	225
404	400	-12738.8535	135	168.75
434	401	-2676.659529	135	168.75
403	517	-25188.91688	273	341.25
405	444	-8012.820513	135	168.75
446	405	-8517.887564	135	168.75
407	431	-2089.864159	210	262.5
526	407	-4416.961131	205.5	256.875
417	408	-1617.599482	180	225
532	409	-1579.5293	180	225
660	409	-1034.233116	183	228.75
525	410	-3055.300947	135	168.75
412	411	-4782.400765	210	262.5
423	411	-524.2738807	135	168.75
426	411	-1043.07917	135	168.75
413	412	-4821.600771	210	262.5
612	413	-308.6705559	205.5	256.875
643	413	-767.7543186	102	127.5
451	416	-2253.267237	205.5	256.875
447	417	-3805.175038	180	225
459	418	-11862.3962	205.5	256.875
477	420	-2274.277917	210	262.5
516	421	-2860.411899	136.5	170.625
612	424	-1881.821603	183	228.75
722	424	-1110.124334	102	127.5
425	438	-644.99484	180	225
492	425	-1365.747064	180	225
536	425	-1061.458444	135	168.75
535	426	-1310.959622	102	127.5
528	427	-1855.976244	136.5	170.625
613	430	-538.0104374	183	228.75
676	439	-1795.332136	183	228.75
527	441	-7704.160247	210	262.5
487	443	-1740.947075	135	168.75
449	445	-6203.473945	102	127.5
450	446	-11976.0479	102	127.5
469	448	-2372.479241	205.5	256.875
482	448	-1600.512164	205.5	256.875
504	452	-10080.64516	180	225
464	455	-5627.462015	180	225
502	455	-14064.69761	180	225
490	456	-8123.476848	180	225
494	456	-3010.234798	180	225
498	456	-60606.06061	216	270
476	457	-3590.664273	205.5	256.875
514	457	-5760.368664	180	225
535	460	-5707.762557	102	127.5
508	461	-4060.089322	180	225
515	461	-32679.73856	180	225
465	462	-11750.88132	210	262.5
497	463	-14409.2219	180	225
514	463	-4840.271055	180	225
515	464	-4840.271055	180	225
494	465	-2579.97936	180	225
468	531	-57471.26437	210	262.5
470	923	-3361.344538	210	262.5
479	475	-12738.8535	180	225
507	476	-8123.476848	180	225
521	476	-6798.096533	205.5	256.875
501	477	-4531.037608	180	225
518	477	-4531.037608	205.5	256.875
478	531	-8771.929825	210	262.5
480	530	-14409.2219	180	225
487	481	-8643.042351	135	168.75
482	1078	-883.2361774	135	168.75
2043	482	-961.8159084	135	168.75
488	483	-43290.04329	139.5	174.375
483	502	-52631.57895	133.5	166.875
494	484	-2082.465639	180	225
489	485	-12610.34048	180	225
507	486	-9099.181074	180	225
500	489	-10615.71125	180	225
505	489	-4482.294935	210	262.5
491	490	-14577.25948	210	262.5
494	491	-2420.135528	210	262.5
496	493	-9451.795841	180	225
500	493	-9380.863039	151.5	189.375
505	493	-5282.62018	210	262.5
495	494	-9451.795841	180	225
497	506	-2520.796572	210	262.5
502	499	-26881.72043	216	270
515	501	-5681.818182	180	225
515	503	-10080.64516	205.5	256.875
512	509	-5170.630817	135	168.75
524	511	-1447.387466	135	168.75
518	522	-10526.31579	205.5	256.875
526	519	-5500.550055	205.5	256.875
525	528	-2541.942044	180	225
538	536	-3828.48392	135	168.75
540	539	-1000000	657	821.25
559	539	-1207.583625	205.5	256.875
633	539	-7704.160247	205.5	256.875
737	539	-2568.713075	205.5	256.875
776	539	-4938.271605	162	202.5
544	540	-1252.661907	205.5	256.875
634	540	-7806.401249	205.5	256.875
650	540	-3261.578604	205.5	256.875
652	540	-10080.64516	87	108.75
653	540	-2253.267237	205.5	256.875
541	685	-1970.831691	205.5	256.875
712	542	-1155.668554	205.5	256.875
737	542	-1639.613051	205.5	256.875
751	542	-1233.501912	205.5	256.875
560	543	-1723.543606	205.5	256.875
617	543	-1690.045631	205.5	256.875
740	543	-1484.56057	205.5	256.875
544	696	-2172.496198	205.5	256.875
546	545	-1000000	657	821.25
587	545	-989.4132779	205.5	256.875
727	545	-935.8038555	133.5	166.875
756	545	-1322.401481	205.5	256.875
575	546	-966.4637093	205.5	256.875
725	546	-5020.080321	205.5	256.875
730	546	-6761.32522	162	202.5
739	546	-1256.439251	205.5	256.875
755	546	-425.3147329	117	146.25
631	547	-3980.89172	205.5	256.875
672	547	-8643.042351	205.5	256.875
751	547	-7564.29652	205.5	256.875
573	548	-1896.453632	205.5	256.875
660	548	-1486.546752	205.5	256.875
550	549	-3700.96225	205.5	256.875
671	549	-667.7796327	114	142.5
760	549	-995.9167414	114	142.5
761	550	-1680.672269	205.5	256.875
746	551	-1523.925632	162	202.5
551	750	-1617.599482	162	202.5
757	551	-5524.861878	162	202.5
784	551	-9680.54211	162	202.5
553	552	-5376.344086	205.5	256.875
588	552	-995.9167414	205.5	256.875
643	552	-931.4456036	205.5	256.875
771	552	-958.0379383	205.5	256.875
658	553	-1012.555691	162	202.5
703	554	-992.6543578	205.5	256.875
744	554	-782.6563356	205.5	256.875
555	693	-7468.259895	205.5	256.875
555	785	-1061.458444	205.5	256.875
559	556	-1054.963604	205.5	256.875
674	556	-1019.367992	205.5	256.875
781	556	-1371.930306	205.5	256.875
558	557	-5402.485143	162	202.5
690	557	-2607.56193	162	202.5
733	557	-1678.133915	162	202.5
579	558	-867.9802101	162	202.5
617	560	-1847.404397	205.5	256.875
568	561	-3243.593902	162	202.5
569	562	-3002.101471	162	202.5
569	563	-5282.62018	162	202.5
571	563	-5449.591281	162	202.5
598	564	-3150.598614	114	142.5
655	564	-5063.291139	162	202.5
669	564	-2130.379207	162	202.5
654	565	-5931.198102	205.5	256.875
655	565	-5238.344683	162	202.5
664	565	-754.3753772	162	202.5
762	565	-1958.09673	205.5	256.875
568	566	-3590.664273	205.5	256.875
571	566	-3278.688525	205.5	256.875
700	567	-1201.634223	205.5	256.875
716	567	-3218.538783	205.5	256.875
569	568	-1000000	657	821.25
672	568	-752.5020694	205.5	256.875
712	568	-1816.860465	162	202.5
656	569	-1005.025126	114	142.5
712	569	-1816.860465	162	202.5
666	570	-1103.996467	162	202.5
733	570	-2145.462347	162	202.5
694	572	-1185.114956	136.5	170.625
722	572	-1525.78578	162	202.5
594	573	-1743.375174	205.5	256.875
613	573	-1512.401694	205.5	256.875
710	574	-8643.042351	205.5	256.875
741	575	-802.3750301	205.5	256.875
576	721	-1403.705783	114	142.5
732	576	-200000	205.5	256.875
581	577	-4073.319756	162	202.5
685	577	-1120.322653	162	202.5
661	578	-1929.756851	205.5	256.875
582	579	-3601.008282	162	202.5
580	644	-1523.925632	205.5	256.875
755	581	-1261.670452	162	202.5
765	581	-6835.269993	162	202.5
688	582	-1308.044474	205.5	256.875
749	582	-3780.718336	205.5	256.875
607	583	-3816.793893	162	202.5
619	583	-1492.091913	205.5	256.875
584	585	-3024.803388	205.5	256.875
697	584	-1162.385214	205.5	256.875
585	778	-634.1556218	205.5	256.875
762	586	-2096.875655	205.5	256.875
765	586	-7610.350076	162	202.5
628	587	-3142.677561	205.5	256.875
595	588	-1604.878832	205.5	256.875
643	588	-1173.571177	205.5	256.875
717	589	-899.6041742	205.5	256.875
753	589	-1287.166946	205.5	256.875
755	590	-937.2949667	205.5	256.875
780	590	-503.5246727	205.5	256.875
591	596	-3288.391976	162	202.5
667	591	-8064.516129	162	202.5
592	593	-4957.858205	162	202.5
592	738	-1541.307028	162	202.5
772	593	-1514.463123	162	202.5
713	594	-1473.839352	205.5	256.875
771	595	-1009.18357	205.5	256.875
596	742	-1279.099514	205.5	256.875
597	778	-869.2628651	162	202.5
675	598	-1914.608463	114	142.5
694	599	-1613.423685	205.5	256.875
669	600	-1235.941169	162	202.5
727	600	-3175.611305	205.5	256.875
630	601	-1094.091904	205.5	256.875
708	601	-1415.227852	205.5	256.875
604	602	-6798.096533	205.5	256.875
602	615	-10172.93998	205.5	256.875
604	603	-6872.852234	205.5	256.875
706	603	-2204.099625	205.5	256.875
605	615	-4073.319756	205.5	256.875
626	605	-7204.610951	205.5	256.875
606	670	-5000	205.5	256.875
606	926	-1704.158146	210	262.5
670	607	-5000	162	202.5
690	608	-2040.399918	250.5	313.125
677	609	-1709.109554	205.5	256.875
609	680	-1450.747135	205.5	256.875
668	610	-3033.060358	87	108.75
694	610	-3546.099291	87	108.75
683	611	-4582.951421	162	202.5
750	611	-1472.103636	162	202.5
613	612	-1000000	657	821.25
769	612	-888.4150675	205.5	256.875
627	613	-2249.212776	205.5	256.875
614	626	-5149.330587	205.5	256.875
707	614	-1348.981519	205.5	256.875
665	615	-991.7683229	162	202.5
774	615	-2313.743637	162	202.5
618	616	-52631.57895	205.5	256.875
616	619	-37878.78788	162	202.5
617	620	-6238.303182	205.5	256.875
620	618	-3370.407819	162	202.5
756	619	-1400.560224	205.5	256.875
622	621	-14064.69761	162	202.5
746	621	-2010.050251	162	202.5
624	622	-32679.73856	102	127.5
663	623	-784.1907152	205.5	256.875
712	623	-1954.652072	205.5	256.875
690	625	-900.9820705	205.5	256.875
625	1348	-1657.550141	135	168.75
691	627	-1666.666667	205.5	256.875
699	628	-1531.628121	205.5	256.875
727	628	-793.9658595	205.5	256.875
667	629	-693.8180809	114	142.5
763	629	-672.5854183	114	142.5
645	630	-1571.338781	205.5	256.875
645	631	-1508.750754	205.5	256.875
634	632	-2376.99073	205.5	256.875
649	632	-3980.89172	205.5	256.875
634	633	-1000000	657	821.25
645	633	-930.0595238	205.5	256.875
637	635	-15128.59304	205.5	256.875
732	635	-2694.691458	114	142.5
742	635	-1822.157434	205.5	256.875
636	740	-2743.484225	205.5	256.875
744	636	-2006.823199	114	142.5
743	637	-886.446237	205.5	256.875
639	638	-25188.91688	102	127.5
650	638	-9756.097561	102	127.5
650	639	-10427.52868	205.5	256.875
639	653	-12468.82793	205.5	256.875
640	644	-5216.48409	205.5	256.875
653	640	-12468.82793	162	202.5
644	641	-3723.008191	205.5	256.875
645	641	-3209.242619	162	202.5
647	641	-6333.122229	205.5	256.875
678	642	-986.1932939	205.5	256.875
785	642	-1173.571177	162	202.5
645	644	-1000000	657	821.25
650	644	-3496.503497	273	341.25
686	644	-485.1542791	205.5	256.875
734	644	-2030.044661	133.5	166.875
650	645	-4144.218815	273	341.25
646	770	-789.3282816	205.5	256.875
773	646	-1495.662579	205.5	256.875
649	647	-2439.619419	162	202.5
651	648	-12106.53753	205.5	256.875
652	648	-12610.34048	87	108.75
776	651	-4618.937644	162	202.5
655	654	-6872.852234	162	202.5
701	655	-5192.107996	162	202.5
773	656	-1357.957632	114	142.5
1444	657	-2951.593861	85.5	106.875
1486	657	-2469.135802	85.5	106.875
659	703	-3379.520108	162	202.5
659	703	-3891.050584	162	202.5
769	661	-1948.558067	205.5	256.875
663	662	-1000000	657	821.25
760	662	-2228.163993	114	142.5
782	662	-3032.140691	205.5	256.875
778	663	-2145.462347	114	142.5
780	663	-814.7967082	162	202.5
689	664	-1516.300227	162	202.5
676	665	-1420.252805	205.5	256.875
706	665	-1461.347362	205.5	256.875
707	666	-3167.564143	205.5	256.875
703	667	-1268.391679	114	142.5
696	668	-1424.704374	87	108.75
670	1469	-1329.610424	135	168.75
754	671	-4821.600771	114	142.5
750	673	-1384.466288	250.5	313.125
674	695	-2794.076558	205.5	256.875
675	758	-1497.454328	162	202.5
679	677	-1884.658877	205.5	256.875
679	678	-1000000	657	821.25
684	678	-1397.233478	250.5	313.125
731	678	-724.1129616	162	202.5
750	678	-807.7544426	162	202.5
683	679	-2915.451895	162	202.5
684	679	-1397.233478	250.5	313.125
685	679	-916.6743056	162	202.5
680	688	-1506.931887	205.5	256.875
680	701	-2107.925801	162	202.5
682	681	-172413.7931	411	513.75
770	686	-813.140348	205.5	256.875
745	687	-7704.160247	205.5	256.875
687	747	-11098.77913	102	127.5
689	688	-1000000	657	821.25
1359	688	-1592.103168	135	168.75
749	689	-1381.21547	205.5	256.875
689	1402	-715.9733658	180	225
691	692	-1596.42401	205.5	256.875
718	692	-1141.552511	205.5	256.875
694	693	-11312.21719	205.5	256.875
695	696	-5903.187721	205.5	256.875
766	697	-1761.183515	205.5	256.875
698	702	-3142.677561	162	202.5
704	698	-18621.97393	162	202.5
699	703	-820.3445447	205.5	256.875
710	700	-1329.610424	205.5	256.875
702	703	-1858.736059	162	202.5
703	704	-5216.48409	114	142.5
709	705	-5931.198102	205.5	256.875
728	705	-15923.56688	162	202.5
707	706	-1000000	657	821.25
772	707	-3517.411185	162	202.5
716	709	-1926.782274	162	202.5
720	709	-1740.947075	162	202.5
714	711	-1743.375174	205.5	256.875
727	711	-1281.722635	205.5	256.875
729	711	-17793.59431	205.5	256.875
720	713	-10080.64516	205.5	256.875
724	714	-9523.809524	205.5	256.875
739	715	-4368.719965	205.5	256.875
715	1190	-1861.504095	102	127.5
717	716	-1000000	657	821.25
750	716	-749.6813854	214.5	268.125
785	716	-761.0350076	205.5	256.875
719	717	-3903.200625	162	202.5
728	717	-3352.329869	162	202.5
736	717	-1481.042654	162	202.5
719	718	-6954.102921	162	202.5
755	721	-1795.332136	205.5	256.875
726	723	-1367.240908	205.5	256.875
748	723	-8403.361345	205.5	256.875
730	724	-4158.004158	205.5	256.875
748	725	-3769.317753	205.5	256.875
727	726	-1000000	657	821.25
729	726	-1139.341461	205.5	256.875
743	726	-1339.943722	205.5	256.875
754	731	-831.6008316	162	202.5
735	734	-13157.89474	133.5	166.875
737	735	-10427.52868	205.5	256.875
777	736	-6720.430108	162	202.5
1430	738	-1551.349674	135	168.75
752	740	-12224.93888	205.5	256.875
779	740	-6506.180872	162	202.5
752	741	-4859.086492	205.5	256.875
768	744	-2756.339581	162	202.5
784	745	-8064.516129	162	202.5
777	747	-8403.361345	102	127.5
753	750	-12870.01287	205.5	256.875
759	754	-14409.2219	162	202.5
781	755	-1077.4701	162	202.5
774	757	-1814.223512	162	202.5
758	759	-3644.314869	162	202.5
764	763	-3711.952487	162	202.5
767	763	-1114.206128	205.5	256.875
778	764	-878.7346221	162	202.5
778	766	-823.723229	205.5	256.875
779	768	-1104.972376	162	202.5
771	770	-765.8140603	205.5	256.875
775	1133	-1260.398286	135	168.75
775	1414	-2326.663564	210	262.5
783	778	-11098.77913	205.5	256.875
783	782	-4566.210046	205.5	256.875
1183	786	-2200.220022	171	213.75
1184	787	-2200.220022	171	213.75
1484	788	-48309.17874	135	168.75
1483	789	-48309.17874	135	168.75
1483	790	-80645.16129	135	168.75
1483	791	-60606.06061	135	168.75
1240	792	-7117.437722	171	213.75
1525	792	-8064.516129	171	213.75
793	1514	-1657.550141	78	97.5
1334	794	-8643.042351	210	262.5
1385	794	-5042.864347	210	262.5
1108	795	-4033.884631	135	168.75
795	1520	-4171.881519	135	168.75
797	796	-1000000	657	821.25
880	796	-5760.368664	171	213.75
1011	796	-3024.803388	171	213.75
1103	796	-10080.64516	171	213.75
1419	796	-9310.986965	171	213.75
1596	796	-12106.53753	135	168.75
881	797	-5760.368664	171	213.75
899	797	-1983.733386	180	225
1004	797	-4171.881519	180	225
1379	797	-3780.718336	171	213.75
1597	797	-12106.53753	135	168.75
799	798	-1000000	657	821.25
1134	798	-120481.9277	171	213.75
1163	798	-2520.796572	210	262.5
798	1299	-40322.58065	210	262.5
799	996	-2283.105023	210	262.5
1135	799	-60606.06061	171	213.75
799	1300	-40322.58065	210	262.5
800	1356	-40322.58065	171	213.75
801	1356	-40322.58065	171	213.75
1087	802	-7564.29652	180	225
802	1586	-40322.58065	210	262.5
1483	803	-6369.426752	180	225
1345	804	-2283.105023	171	213.75
1426	804	-1592.103168	171	213.75
805	1592	-120481.9277	171	213.75
806	807	-120481.9277	210	262.5
807	1328	-3558.718861	180	225
807	1479	-4840.271055	210	262.5
808	971	-3903.200625	171	213.75
808	1227	-6720.430108	171	213.75
904	809	-5260.389269	180	225
1216	809	-2240.645306	180	225
1502	810	-1457.725948	210	262.5
811	812	-80645.16129	135	168.75
812	860	-3780.718336	135	168.75
918	812	-1704.158146	210	262.5
813	877	-9310.986965	210	262.5
813	1054	-4840.271055	171	213.75
1462	814	-8643.042351	210	262.5
1488	814	-7564.29652	168	210
928	815	-40322.58065	210	262.5
1156	815	-6720.430108	210	262.5
1315	815	-13440.86022	168	210
816	817	-60606.06061	210	262.5
817	1079	-3184.713376	135	168.75
1477	817	-4840.271055	135	168.75
819	818	-3667.03337	28.5	35.625
819	954	-1833.180568	85.5	106.875
993	819	-2574.665294	85.5	106.875
820	838	-8064.516129	171	213.75
1393	820	-1090.037061	127.5	159.375
822	821	-1000000	657	821.25
843	821	-3184.713376	210	262.5
920	821	-2750.275028	171	213.75
1076	821	-4653.327129	171	213.75
1199	821	-9310.986965	210	262.5
1558	821	-4482.294935	171	213.75
844	822	-3270.111184	210	262.5
919	822	-2750.275028	171	213.75
924	822	-3270.111184	171	213.75
1355	822	-12106.53753	210	262.5
1559	822	-4482.294935	171	213.75
825	823	-60606.06061	135	168.75
826	824	-60606.06061	135	168.75
825	1232	-17271.15717	210	262.5
1566	825	-6720.430108	210	262.5
826	1003	-17271.15717	210	262.5
1566	826	-6720.430108	210	262.5
827	911	-6720.430108	171	213.75
1337	827	-1753.770607	135	168.75
828	829	-3270.111184	85.5	106.875
829	1268	-1728.60847	171	213.75
1489	829	-5042.864347	171	213.75
830	883	-5760.368664	210	262.5
830	1334	-20161.29032	210	262.5
833	831	-5500.550055	114	142.5
1154	832	-3780.718336	171	213.75
833	1230	-2240.645306	180	225
1553	833	-1571.338781	180	225
886	834	-1423.487544	180	225
991	834	-975.8001561	180	225
1175	834	-2240.645306	180	225
1178	834	-2469.135802	135	168.75
1467	834	-1635.055592	180	225
1020	835	-1000	180	225
1106	835	-4482.294935	171	213.75
890	836	-4482.294935	180	225
1105	836	-4482.294935	171	213.75
836	1365	-1043.07917	180	225
837	1097	-4033.884631	180	225
1552	837	-7564.29652	171	213.75
966	838	-12106.53753	171	213.75
840	839	-2750.275028	85.5	106.875
1349	839	-1728.60847	85.5	106.875
840	887	-785.7311228	85.5	106.875
1562	840	-4171.881519	85.5	106.875
841	1095	-60606.06061	210	262.5
842	1096	-60606.06061	210	262.5
845	870	-60606.06061	85.5	106.875
846	871	-60606.06061	85.5	106.875
847	871	-60606.06061	85.5	106.875
848	870	-80645.16129	85.5	106.875
849	1320	-4171.881519	180	225
1426	849	-2372.479241	180	225
1087	850	-7117.437722	210	262.5
1594	850	-5500.550055	210	262.5
1066	851	-5760.368664	210	262.5
851	1328	-3667.03337	210	262.5
1538	851	-1315.270288	210	262.5
1560	852	-4033.884631	180	225
852	1589	-10080.64516	210	262.5
853	855	-60606.06061	171	213.75
854	856	-24213.07506	171	213.75
855	997	-30211.48036	210	262.5
1573	855	-8643.042351	171	213.75
864	856	-13440.86022	180	225
856	997	-60606.06061	171	213.75
857	1169	-1531.628121	180	225
1293	857	-1833.180568	180	225
858	945	-9310.986965	210	262.5
1162	858	-5042.864347	210	262.5
1173	858	-40322.58065	85.5	106.875
858	1205	-5760.368664	171	213.75
1372	858	-6049.606776	180	225
859	946	-9310.986965	210	262.5
1113	859	-4482.294935	180	225
1174	859	-40322.58065	85.5	106.875
1358	859	-5042.864347	171	213.75
859	1362	-12106.53753	171	213.75
860	1556	-3456.619426	135	168.75
1107	861	-1657.550141	171	213.75
1585	861	-6369.426752	171	213.75
947	862	-15128.59304	180	225
1561	862	-2951.593861	180	225
864	863	-8643.042351	171	213.75
990	864	-7117.437722	171	213.75
1432	865	-11001.10011	180	225
1575	865	-1260.398286	180	225
866	1196	-4653.327129	171	213.75
1531	866	-7117.437722	171	213.75
867	869	-7117.437722	171	213.75
1288	868	-6369.426752	210	262.5
888	869	-120481.9277	171	213.75
869	914	-2326.663564	210	262.5
1214	870	-2750.275028	180	225
1411	870	-5042.864347	210	262.5
1418	870	-3780.718336	180	225
896	871	-2420.135528	180	225
1418	871	-3780.718336	127.5	159.375
1020	872	-7564.29652	171	213.75
872	1384	-1493.875112	180	225
873	874	-3102.699348	180	225
874	1098	-120481.9277	180	225
1552	874	-3361.344538	180	225
875	876	-30211.48036	112.5	140.625
1323	876	-5260.389269	135	168.75
876	1389	-2420.135528	135	168.75
1050	877	-2881.014117	171	213.75
879	878	-1000000	657	821.25
1320	878	-6369.426752	180	225
1543	878	-3780.718336	135	168.75
879	1325	-2951.593861	180	225
1426	879	-1704.158146	180	225
1470	882	-1680.672269	171	213.75
882	1503	-916.6743056	210	262.5
1490	883	-17271.15717	210	262.5
885	884	-24213.07506	210	262.5
885	890	-1186.23962	112.5	140.625
1476	885	-1407.063459	112.5	140.625
1294	886	-1512.401694	180	225
887	1178	-1329.610424	135	168.75
996	888	-4321.521175	210	262.5
1076	889	-5760.368664	210	262.5
1207	889	-6720.430108	171	213.75
891	1057	-11001.10011	210	262.5
1459	891	-6720.430108	210	262.5
893	892	-1000000	657	821.25
1013	892	-20161.29032	85.5	106.875
1206	892	-7117.437722	135	168.75
1448	892	-6369.426752	210	262.5
1312	893	-6720.430108	210	262.5
1449	893	-6369.426752	210	262.5
894	1077	-4171.881519	210	262.5
1514	894	-6049.606776	210	262.5
986	895	-30211.48036	210	262.5
1424	895	-4653.327129	210	262.5
1083	896	-5500.550055	180	225
897	898	-120481.9277	85.5	106.875
898	1289	-1983.733386	85.5	106.875
2089	898	-3667.03337	85.5	106.875
923	899	-2016.535592	171	213.75
1230	900	-40322.58065	210	262.5
1482	900	-2574.665294	210	262.5
961	901	-4171.881519	180	225
901	1561	-12106.53753	180	225
903	902	-24213.07506	211.5	264.375
903	916	-6369.426752	210	262.5
1184	903	-6049.606776	210	262.5
1201	904	-8064.516129	171	213.75
906	905	-1000000	657	821.25
905	1372	-24213.07506	171	213.75
905	1569	-17271.15717	171	213.75
1095	906	-8643.042351	171	213.75
1570	906	-15128.59304	171	213.75
907	1201	-6720.430108	171	213.75
908	1203	-6720.430108	171	213.75
1387	908	-13440.86022	114	142.5
1058	909	-10080.64516	180	225
1245	909	-2813.731007	180	225
910	1156	-5042.864347	210	262.5
910	1251	-13440.86022	210	262.5
911	979	-1457.725948	348	435
911	1478	-2469.135802	348	435
912	965	-2420.135528	171	213.75
1025	912	-617.3601679	171	213.75
1293	912	-903.0160737	171	213.75
1294	912	-903.0160737	171	213.75
1420	912	-2160.760588	171	213.75
912	1572	-4482.294935	171	213.75
1454	913	-1571.338781	85.5	106.875
1577	913	-1951.600312	85.5	106.875
1279	914	-13440.86022	210	262.5
933	915	-40322.58065	171	213.75
1072	915	-40322.58065	171	213.75
1095	915	-7564.29652	211.5	264.375
1236	915	-12106.53753	171	213.75
934	916	-40322.58065	171	213.75
1073	916	-40322.58065	171	213.75
1095	916	-7564.29652	211.5	264.375
917	1413	-1531.628121	210	262.5
1426	917	-1374.948439	127.5	159.375
1503	918	-2200.220022	210	262.5
974	919	-1833.180568	180	225
919	1049	-1571.338781	171	213.75
1077	919	-4171.881519	210	262.5
1102	920	-12106.53753	180	225
920	1343	-4033.884631	171	213.75
1575	920	-1951.600312	180	225
921	1207	-3558.718861	171	213.75
921	1344	-4033.884631	171	213.75
1513	921	-1657.550141	210	262.5
922	923	-120481.9277	85.5	106.875
924	1071	-5260.389269	210	262.5
925	926	-60606.06061	171	213.75
926	1190	-1983.733386	210	262.5
927	928	-30211.48036	210	262.5
1220	928	-12106.53753	210	262.5
929	1139	-3780.718336	171	213.75
929	1240	-8643.042351	180	225
1410	929	-2372.479241	135	168.75
1138	930	-12106.53753	171	213.75
932	931	-60606.06061	210	262.5
932	1381	-30211.48036	210	262.5
1452	932	-17271.15717	210	262.5
935	936	-40322.58065	171	213.75
1235	936	-7564.29652	180	225
936	1565	-20161.29032	127.5	159.375
937	938	-120481.9277	171	213.75
1095	938	-24213.07506	171	213.75
938	1531	-17271.15717	171	213.75
939	1416	-3667.03337	210	262.5
1513	939	-12106.53753	210	262.5
940	944	-120481.9277	171	213.75
941	944	-120481.9277	171	213.75
957	942	-5042.864347	156	195
942	1096	-20161.29032	171	213.75
1274	943	-6049.606776	180	225
1539	943	-13440.86022	180	225
944	1117	-6720.430108	210	262.5
944	1591	-8064.516129	210	262.5
947	1229	-13440.86022	180	225
948	1199	-5760.368664	210	262.5
1256	948	-3667.03337	210	262.5
1087	949	-7117.437722	210	262.5
949	1422	-3184.713376	210	262.5
950	979	-40322.58065	85.5	106.875
951	978	-40322.58065	85.5	106.875
953	952	-30211.48036	135	168.75
953	1075	-2881.014117	210	262.5
1184	953	-5760.368664	171	213.75
954	968	-2283.105023	85.5	106.875
997	955	-6049.606776	210	262.5
997	956	-10080.64516	210	262.5
1063	957	-9310.986965	210	262.5
1469	958	-13440.86022	85.5	106.875
1168	959	-1329.610424	85.5	106.875
1350	959	-1210.067764	85.5	106.875
960	961	-17271.15717	42	52.5
1282	961	-15128.59304	171	213.75
978	962	-2750.275028	171	213.75
1581	962	-1374.948439	85.5	106.875
963	1331	-11001.10011	180	225
1460	963	-7117.437722	210	262.5
1338	964	-2750.275028	180	225
964	1345	-2469.135802	180	225
965	973	-5042.864347	171	213.75
967	966	-1000000	657	821.25
966	1149	-1008.369467	127.5	159.375
966	1215	-834.5155637	171	213.75
1263	966	-2813.731007	171	213.75
967	982	-1301.066875	135	168.75
1268	967	-533.0490405	171	213.75
967	1324	-5760.368664	135	168.75
967	1502	-474.5183639	171	213.75
979	968	-770.7129094	135	168.75
1025	968	-1120.322653	85.5	106.875
1516	968	-2469.135802	85.5	106.875
969	971	-120481.9277	171	213.75
972	970	-30211.48036	85.5	106.875
971	1382	-40322.58065	171	213.75
972	1235	-4840.271055	180	225
1384	972	-60606.06061	171	213.75
979	973	-4653.327129	171	213.75
1480	973	-13440.86022	85.5	106.875
1481	973	-13440.86022	85.5	106.875
974	1431	-1052.188552	180	225
1354	975	-5500.550055	210	262.5
1366	975	-4653.327129	171	213.75
976	1415	-120481.9277	171	213.75
977	1415	-120481.9277	171	213.75
998	978	-1920.491646	210	262.5
978	1024	-512.7153404	135	168.75
1293	978	-1315.270288	171	213.75
1318	978	-1359.619307	135	168.75
1478	978	-3184.713376	228	285
1319	979	-1359.619307	135	168.75
979	1501	-2881.014117	171	213.75
981	980	-24213.07506	85.5	106.875
981	1292	-20161.29032	180	225
1402	981	-1635.055592	180	225
982	1470	-1423.487544	135	168.75
985	983	-20161.29032	135	168.75
986	984	-24213.07506	210	262.5
1058	985	-9310.986965	180	225
985	1306	-24213.07506	180	225
1307	986	-24213.07506	210	262.5
987	989	-13440.86022	171	213.75
988	990	-15128.59304	171	213.75
989	996	-4321.521175	180	225
1125	989	-120481.9277	171	213.75
1126	990	-120481.9277	171	213.75
1501	991	-1890.716582	171	213.75
1183	992	-7117.437722	210	262.5
992	1459	-60606.06061	210	262.5
994	993	-1000000	657	821.25
994	1289	-4033.884631	85.5	106.875
1407	994	-1657.550141	85.5	106.875
1017	995	-2630.194634	171	213.75
1112	995	-20161.29032	210	262.5
1145	995	-3780.718336	210	262.5
1378	995	-11001.10011	210	262.5
1539	995	-4321.521175	210	262.5
1401	996	-3667.03337	171	213.75
1111	997	-30211.48036	210	262.5
1127	997	-3903.200625	180	225
1222	997	-3903.200625	180	225
1572	998	-9310.986965	171	213.75
1241	999	-6369.426752	135	168.75
999	1311	-3361.344538	171	213.75
1000	1556	-60606.06061	85.5	106.875
1001	1556	-60606.06061	85.5	106.875
1002	1003	-20161.29032	180	225
1003	1491	-8643.042351	210	262.5
1008	1004	-11001.10011	135	168.75
1005	1007	-40322.58065	114	142.5
1006	1008	-120481.9277	210	262.5
1007	1010	-24213.07506	135	168.75
1553	1007	-15128.59304	135	168.75
1552	1008	-15128.59304	135	168.75
1371	1009	-120481.9277	135	168.75
1552	1011	-6369.426752	135	168.75
1193	1012	-2420.135528	135	168.75
1553	1012	-1753.770607	135	168.75
1014	1017	-60606.06061	171	213.75
1015	1019	-30211.48036	171	213.75
1016	1018	-60606.06061	171	213.75
1191	1017	-30211.48036	171	213.75
1192	1018	-40322.58065	171	213.75
1018	1401	-8064.516129	171	213.75
1019	1191	-40322.58065	171	213.75
1287	1019	-4653.327129	171	213.75
1020	1522	-11001.10011	171	213.75
1021	1136	-6369.426752	210	262.5
1468	1021	-120481.9277	135	168.75
1230	1022	-24213.07506	135	168.75
1231	1023	-24213.07506	135	168.75
1025	1024	-1000000	657	821.25
1308	1024	-3102.699348	85.5	106.875
2083	1024	-828.7750704	135	168.75
1872	1025	-1512.401694	135	168.75
1153	1026	-4321.521175	171	213.75
1583	1026	-13440.86022	180	225
1216	1027	-15128.59304	85.5	106.875
1216	1028	-15128.59304	135	168.75
1217	1029	-15128.59304	135	168.75
1031	1030	-1000000	657	821.25
1524	1030	-7564.29652	171	213.75
1216	1031	-15128.59304	171	213.75
1524	1032	-17271.15717	171	213.75
1523	1033	-17271.15717	171	213.75
1217	1034	-40322.58065	180	225
1216	1035	-40322.58065	180	225
1217	1036	-40322.58065	171	213.75
1523	1037	-40322.58065	171	213.75
1524	1038	-40322.58065	171	213.75
1040	1039	-1000000	657	821.25
1216	1039	-8064.516129	171	213.75
1524	1040	-20161.29032	171	213.75
1041	1043	-120481.9277	180	225
1044	1042	-120481.9277	180	225
1142	1043	-1110.124334	180	225
1043	1217	-10080.64516	180	225
1044	1217	-10080.64516	180	225
1523	1044	-5760.368664	180	225
1306	1045	-40322.58065	171	213.75
1536	1045	-8643.042351	210	262.5
1046	1050	-7564.29652	171	213.75
1047	1050	-8643.042351	171	213.75
1048	1049	-30211.48036	171	213.75
1049	1450	-3780.718336	180	225
1147	1050	-4653.327129	171	213.75
1071	1051	-3667.03337	210	262.5
1440	1051	-9310.986965	180	225
1436	1052	-24213.07506	210	262.5
1439	1052	-11001.10011	180	225
1083	1053	-3270.111184	171	213.75
1223	1053	-6049.606776	171	213.75
1243	1053	-3102.699348	171	213.75
1266	1053	-24213.07506	171	213.75
1161	1054	-2160.760588	210	262.5
1436	1054	-6720.430108	171	213.75
1450	1054	-6369.426752	171	213.75
1055	1079	-967.9605072	135	168.75
1489	1055	-761.0350076	135	168.75
1056	1057	-120481.9277	180	225
1057	1083	-10080.64516	210	262.5
1237	1059	-20161.29032	210	262.5
1059	1331	-24213.07506	210	262.5
1061	1063	-120481.9277	210	262.5
1062	1095	-8643.042351	210	262.5
1464	1063	-7564.29652	156	195
1064	1065	-9310.986965	210	262.5
1065	1284	-8064.516129	180	225
1549	1065	-2326.663564	180	225
1425	1066	-20161.29032	210	262.5
1589	1066	-12106.53753	210	262.5
1067	1069	-60606.06061	180	225
1070	1068	-40322.58065	180	225
1069	1390	-4840.271055	180	225
1546	1069	-8643.042351	180	225
1070	1326	-4482.294935	180	225
1356	1070	-7564.29652	180	225
1133	1074	-2520.796572	180	225
1552	1074	-1613.423685	180	225
1335	1075	-9310.986965	210	262.5
1120	1078	-864.3042351	171	213.75
1080	1081	-120481.9277	171	213.75
1184	1081	-4321.521175	171	213.75
1081	1385	-11001.10011	210	262.5
1099	1082	-15128.59304	180	225
1119	1082	-120481.9277	180	225
1082	1266	-3780.718336	171	213.75
1138	1084	-1920.491646	171	213.75
1084	1343	-3102.699348	171	213.75
1233	1085	-15128.59304	180	225
1244	1086	-1635.055592	210	262.5
1086	1328	-1457.725948	210	262.5
1087	1557	-3024.803388	180	225
1088	1182	-1052.188552	127.5	159.375
1088	1219	-5042.864347	180	225
1088	1593	-6049.606776	210	262.5
1431	1089	-2420.135528	171	213.75
1574	1089	-1920.491646	171	213.75
1090	1092	-10080.64516	99	123.75
1091	1093	-8064.516129	91.5	114.375
1428	1092	-3361.344538	171	213.75
1092	1489	-1728.60847	85.5	106.875
1429	1093	-3456.619426	171	213.75
1093	1489	-2469.135802	85.5	106.875
1094	1491	-9310.986965	210	262.5
1545	1094	-7564.29652	210	262.5
1511	1095	-20161.29032	210	262.5
1095	1532	-11001.10011	210	262.5
1220	1096	-5760.368664	210	262.5
1096	1403	-12106.53753	210	262.5
1096	1492	-17271.15717	210	262.5
1495	1096	-7564.29652	210	262.5
1096	1510	-20161.29032	210	262.5
1098	1097	-1000000	657	821.25
1120	1097	-1635.055592	180	225
1097	1471	-8643.042351	42	52.5
1098	1419	-7117.437722	171	213.75
1098	1472	-8643.042351	85.5	106.875
1237	1099	-11001.10011	180	225
1100	1101	-120481.9277	180	225
1101	1232	-17271.15717	210	262.5
1374	1101	-5042.864347	210	262.5
1102	1585	-4033.884631	135	168.75
1571	1103	-2372.479241	180	225
1104	1190	-6049.606776	135	168.75
1359	1104	-3102.699348	135	168.75
1167	1105	-2122.691573	180	225
1166	1106	-2122.691573	180	225
1170	1106	-1951.600312	135	168.75
1108	1107	-1000000	657	821.25
1107	1343	-1613.423685	171	213.75
1108	1451	-10080.64516	180	225
1111	1109	-60606.06061	135	168.75
1112	1110	-60606.06061	180	225
1535	1111	-7117.437722	210	262.5
1275	1112	-4482.294935	210	262.5
1113	1511	-60606.06061	210	262.5
1114	1267	-4171.881519	114	142.5
1114	1354	-9310.986965	210	262.5
1114	1409	-1090.037061	85.5	106.875
1483	1114	-4653.327129	180	225
1115	1181	-2326.663564	180	225
1484	1115	-5260.389269	180	225
1500	1115	-10080.64516	135	168.75
1285	1116	-3903.200625	210	262.5
1117	1538	-2688.894864	171	213.75
1118	1119	-12106.53753	135	168.75
1271	1119	-5042.864347	180	225
1301	1120	-2326.663564	171	213.75
1571	1120	-12106.53753	171	213.75
1121	1231	-2086.375965	180	225
1121	1553	-952.7439024	180	225
1143	1122	-1493.875112	85.5	106.875
1169	1122	-4653.327129	171	213.75
1283	1122	-1512.401694	171	213.75
1342	1123	-1423.487544	135	168.75
1528	1123	-1983.733386	85.5	106.875
1127	1124	-11001.10011	135	168.75
1452	1127	-6720.430108	180	225
1128	1129	-10080.64516	210	262.5
1553	1129	-1222.195062	171	213.75
1130	1131	-120481.9277	171	213.75
1232	1131	-80645.16129	180	225
1131	1383	-4321.521175	180	225
1132	1195	-15128.59304	171	213.75
1532	1132	-3361.344538	171	213.75
1430	1133	-1512.401694	180	225
1512	1136	-2420.135528	210	262.5
1284	1137	-30211.48036	114	142.5
1368	1138	-4840.271055	171	213.75
1435	1138	-1407.063459	171	213.75
1525	1138	-3456.619426	180	225
1600	1138	-1315.270288	171	213.75
1229	1139	-11001.10011	171	213.75
1451	1139	-2326.663564	180	225
1140	1188	-15128.59304	210	262.5
1257	1140	-2420.135528	210	262.5
1357	1140	-1571.338781	210	262.5
1396	1140	-17271.15717	210	262.5
1598	1140	-2574.665294	210	262.5
1189	1141	-15128.59304	228	285
1191	1141	-60606.06061	210	262.5
1191	1141	-60606.06061	210	262.5
1302	1141	-2574.665294	210	262.5
1397	1141	-24213.07506	228	285
1142	1426	-4840.271055	180	225
1143	1745	-1983.733386	85.5	106.875
1212	1144	-3102.699348	171	213.75
1595	1144	-1728.60847	171	213.75
1145	1274	-15128.59304	210	262.5
1146	1318	-10080.64516	135	168.75
1581	1146	-1329.610424	135	168.75
1485	1147	-3903.200625	171	213.75
1382	1148	-945.268929	180	225
1576	1148	-1457.725948	180	225
1258	1149	-4840.271055	171	213.75
1313	1149	-1407.063459	171	213.75
1151	1150	-60606.06061	210	262.5
1151	1216	-870.4735376	180	225
1417	1151	-1531.628121	180	225
1153	1152	-13440.86022	135	168.75
1490	1153	-120481.9277	210	262.5
1193	1154	-2750.275028	171	213.75
1228	1155	-12106.53753	180	225
1357	1155	-6720.430108	180	225
1157	1158	-120481.9277	210	262.5
1158	1222	-7117.437722	180	225
1453	1158	-120481.9277	210	262.5
1161	1159	-12106.53753	135	168.75
1162	1160	-12106.53753	135	168.75
1358	1161	-5042.864347	210	262.5
1485	1162	-6369.426752	210	262.5
1536	1163	-2420.135528	210	262.5
1164	1166	-80645.16129	180	225
1165	1167	-80645.16129	180	225
1452	1166	-1061.458444	180	225
1453	1167	-1061.458444	180	225
1476	1168	-1920.491646	85.5	106.875
1389	1170	-1423.487544	135	168.75
1269	1171	-1635.055592	135	168.75
1556	1171	-6369.426752	210	262.5
1172	1539	-20161.29032	171	213.75
1175	1580	-13440.86022	180	225
1176	1178	-80645.16129	135	168.75
1177	1580	-3456.619426	135	168.75
1384	1179	-1890.716582	180	225
1522	1179	-17271.15717	171	213.75
1365	1180	-5760.368664	171	213.75
1181	1190	-2122.691573	180	225
1182	1448	-3184.713376	210	262.5
1182	1449	-3184.713376	210	262.5
1463	1182	-6720.430108	180	225
1194	1183	-13440.86022	171	213.75
1183	1315	-5260.389269	168	210
1183	1460	-9310.986965	171	213.75
1183	1488	-6369.426752	168	210
1236	1184	-3667.03337	211.5	264.375
1367	1185	-2881.014117	135	168.75
1489	1185	-4033.884631	135	168.75
1188	1186	-17271.15717	135	168.75
1187	1189	-17271.15717	135	168.75
1188	1256	-2881.014117	210	262.5
1380	1189	-3361.344538	348	435
1473	1190	-17271.15717	135	168.75
1474	1190	-20161.29032	135	168.75
1209	1192	-2200.220022	171	213.75
1192	1282	-1390.820584	180	225
1192	1288	-4171.881519	171	213.75
1192	1578	-2160.760588	171	213.75
1576	1193	-1423.487544	135	168.75
1534	1194	-3024.803388	171	213.75
1195	1278	-13440.86022	171	213.75
1353	1196	-9310.986965	171	213.75
1199	1197	-11001.10011	135	168.75
1200	1198	-11001.10011	135	168.75
1200	1355	-11001.10011	210	262.5
1517	1200	-5260.389269	210	262.5
1202	1201	-1000000	657	821.25
1373	1201	-6369.426752	171	213.75
1527	1201	-8064.516129	171	213.75
1202	1338	-8064.516129	171	213.75
1523	1202	-5260.389269	171	213.75
1325	1203	-15128.59304	171	213.75
1203	1345	-3780.718336	171	213.75
1524	1203	-5260.389269	171	213.75
1204	1279	-15128.59304	171	213.75
1536	1204	-3361.344538	210	262.5
1205	1380	-4482.294935	171	213.75
1599	1206	-30211.48036	171	213.75
1208	1209	-120481.9277	171	213.75
1479	1209	-60606.06061	210	262.5
1210	1345	-17271.15717	144	180
1211	1346	-17271.15717	144	180
1213	1212	-1000000	657	821.25
1280	1212	-5042.864347	171	213.75
1212	1582	-40322.58065	210	262.5
1281	1213	-5042.864347	171	213.75
1336	1213	-1861.504095	171	213.75
1213	1593	-24213.07506	210	262.5
1594	1213	-20161.29032	180	225
1214	1504	-4171.881519	210	262.5
1249	1215	-1110.124334	127.5	159.375
1348	1217	-1833.180568	171	213.75
1444	1217	-2283.105023	127.5	159.375
1219	1218	-17271.15717	180	225
1219	1505	-3184.713376	180	225
1222	1221	-11001.10011	135	168.75
1250	1223	-3558.718861	210	262.5
1224	1226	-24213.07506	135	168.75
1225	1227	-24213.07506	135	168.75
1261	1226	-6369.426752	171	213.75
1226	1383	-3456.619426	171	213.75
1227	1260	-6369.426752	171	213.75
1228	1368	-6369.426752	171	213.75
1498	1230	-4033.884631	180	225
1499	1231	-4033.884631	180	225
1233	1312	-3270.111184	210	262.5
1363	1233	-3903.200625	180	225
1233	1382	-3903.200625	180	225
1526	1233	-20161.29032	180	225
1599	1233	-4840.271055	210	262.5
1347	1234	-1493.875112	135	168.75
1564	1234	-8643.042351	135	168.75
1239	1238	-60606.06061	135	168.75
1239	1535	-6049.606776	210	262.5
1565	1239	-13440.86022	210	262.5
1518	1241	-2750.275028	135	168.75
1243	1242	-120481.9277	210	262.5
1251	1243	-15128.59304	210	262.5
1244	1311	-1592.103168	171	213.75
1244	1326	-4653.327129	180	225
1244	1330	-5760.368664	180	225
1546	1244	-2951.593861	180	225
1291	1245	-1070.778456	180	225
1327	1245	-2630.194634	180	225
1245	1425	-12106.53753	180	225
1246	1248	-40322.58065	171	213.75
1247	1375	-20161.29032	171	213.75
1248	1375	-30211.48036	171	213.75
1390	1248	-5500.550055	171	213.75
1427	1249	-2122.691573	127.5	159.375
1251	1250	-1000000	657	821.25
1250	1271	-12106.53753	180	225
1290	1250	-17271.15717	210	262.5
1310	1250	-5042.864347	210	262.5
1250	1403	-7117.437722	210	262.5
1251	1487	-13440.86022	210	262.5
1514	1252	-20161.29032	180	225
1514	1253	-120481.9277	180	225
1253	1544	-6369.426752	180	225
1256	1254	-7564.29652	112.5	140.625
1257	1255	-7564.29652	112.5	140.625
1508	1257	-4171.881519	210	262.5
1259	1336	-17271.15717	135	168.75
1259	1563	-13440.86022	135	168.75
1260	1261	-120481.9277	171	213.75
1340	1261	-11001.10011	135	168.75
1337	1262	-1423.487544	85.5	106.875
1528	1262	-1210.067764	85.5	106.875
1264	1265	-9310.986965	171	213.75
1313	1265	-1000	171	213.75
1265	1503	-557.6000892	171	213.75
1292	1267	-2688.894864	180	225
1543	1269	-2881.014117	135	168.75
1270	1271	-60606.06061	180	225
1272	1274	-120481.9277	135	168.75
1273	1275	-120481.9277	135	168.75
1545	1275	-30211.48036	210	262.5
1392	1276	-4482.294935	210	262.5
1536	1276	-8643.042351	210	262.5
1277	1339	-9310.986965	210	262.5
1500	1277	-10080.64516	210	262.5
1569	1278	-6720.430108	171	213.75
1454	1283	-3903.200625	135	168.75
1296	1284	-7564.29652	135	168.75
1417	1284	-2240.645306	127.5	159.375
1298	1285	-8064.516129	180	225
1285	1408	-24213.07506	210	262.5
1286	1288	-120481.9277	210	262.5
1290	1495	-8064.516129	210	262.5
1291	1435	-11001.10011	171	213.75
1467	1293	-1592.103168	180	225
1577	1293	-1635.055592	180	225
1577	1294	-1635.055592	180	225
1295	1328	-11001.10011	210	262.5
1475	1295	-4033.884631	210	262.5
1297	1298	-7564.29652	210	262.5
1418	1298	-3102.699348	180	225
1342	1301	-975.8001561	171	213.75
1507	1303	-4171.881519	210	262.5
1303	1598	-6369.426752	210	262.5
1306	1304	-120481.9277	171	213.75
1305	1307	-120481.9277	171	213.75
1538	1307	-7564.29652	210	262.5
1308	1420	-916.6743056	171	213.75
1309	1562	-1043.07917	85.5	106.875
1309	1802	-2688.894864	171	213.75
1462	1310	-20161.29032	210	262.5
1311	1329	-1493.875112	210	262.5
1315	1314	-24213.07506	85.5	106.875
1318	1316	-17271.15717	28.5	35.625
1319	1317	-17271.15717	28.5	35.625
1580	1319	-1359.619307	135	168.75
1321	1323	-120481.9277	210	262.5
1322	1476	-3558.718861	135	168.75
1360	1323	-80645.16129	135	168.75
1538	1329	-1186.23962	171	213.75
1587	1329	-7117.437722	180	225
1330	1587	-30211.48036	180	225
1334	1332	-15128.59304	180	225
1333	1335	-13440.86022	180	225
1374	1335	-8643.042351	210	262.5
1503	1339	-5260.389269	210	262.5
1341	1468	-6369.426752	135	168.75
1344	1343	-1000000	657	821.25
1574	1343	-1301.066875	171	213.75
1520	1344	-1613.423685	210	262.5
1426	1346	-1120.322653	127.5	159.375
1527	1346	-6720.430108	171	213.75
1579	1346	-2420.135528	180	225
1553	1347	-3102.699348	135	168.75
1452	1351	-13440.86022	210	262.5
1494	1351	-1635.055592	210	262.5
1352	1353	-12106.53753	85.5	106.875
1539	1353	-60606.06061	171	213.75
1356	1390	-6049.606776	180	225
1476	1360	-8064.516129	135	168.75
1362	1361	-24213.07506	85.5	106.875
1362	1570	-8064.516129	171	213.75
1363	1499	-4653.327129	180	225
1364	1365	-120481.9277	180	225
1502	1366	-5500.550055	210	262.5
1432	1367	-587.3715125	135	168.75
1533	1369	-1983.733386	171	213.75
1369	1601	-1110.124334	171	213.75
1371	1370	-120481.9277	135	168.75
1552	1371	-9310.986965	135	168.75
1524	1373	-1890.716582	180	225
1376	1375	-1000000	657	821.25
1445	1375	-6720.430108	171	213.75
1376	1392	-30211.48036	171	213.75
1376	1538	-1753.770607	171	213.75
1377	1378	-17271.15717	135	168.75
1540	1378	-7117.437722	210	262.5
1388	1379	-10080.64516	171	213.75
1381	1512	-12106.53753	210	262.5
1383	1382	-1000000	657	821.25
1383	1482	-2283.105023	171	213.75
1576	1383	-834.5155637	180	225
1384	1565	-3102.699348	180	225
1426	1386	-3102.699348	180	225
1552	1388	-1287.166946	171	213.75
1537	1389	-2750.275028	171	213.75
1391	1392	-30211.48036	210	262.5
1394	1393	-1000000	657	821.25
1502	1394	-746.937556	127.5	159.375
1395	1397	-60606.06061	210	262.5
1443	1397	-1920.491646	210	262.5
1416	1398	-12106.53753	210	262.5
1398	1544	-7117.437722	210	262.5
1465	1399	-4171.881519	133.5	166.875
1584	1399	-3780.718336	210	262.5
1400	1401	-15128.59304	171	213.75
1539	1404	-13440.86022	180	225
1540	1405	-13440.86022	180	225
1406	1407	-30211.48036	28.5	35.625
1581	1407	-497.9335757	135	168.75
1411	1408	-9310.986965	210	262.5
1410	1601	-3184.713376	135	168.75
1412	1413	-13440.86022	210	262.5
1413	1556	-2086.375965	210	262.5
1430	1414	-2086.375965	127.5	159.375
1415	1453	-3102.699348	171	213.75
1537	1415	-1779.359431	210	262.5
1416	1440	-1806.032147	180	225
1514	1416	-3667.03337	210	262.5
1551	1416	-7564.29652	210	262.5
1417	1548	-1920.491646	127.5	159.375
1550	1418	-7564.29652	210	262.5
1422	1421	-1000000	657	821.25
1421	1423	-2630.194634	210	262.5
1423	1463	-4840.271055	180	225
1445	1424	-8643.042351	210	262.5
1489	1426	-421.6029344	171	213.75
1431	1427	-15128.59304	228	285
1432	1427	-24213.07506	228	285
1595	1430	-3780.718336	171	213.75
1432	1431	-1000000	657	821.25
1489	1431	-427.5696939	171	213.75
1576	1433	-30211.48036	85.5	106.875
1577	1434	-30211.48036	85.5	106.875
1475	1435	-2951.593861	135	168.75
1435	1518	-4033.884631	135	168.75
1439	1437	-6369.426752	135	168.75
1440	1438	-6369.426752	135	168.75
1513	1439	-2160.760588	180	225
1441	1443	-13440.86022	171	213.75
1539	1442	-13440.86022	210	262.5
1540	1443	-4171.881519	171	213.75
1448	1446	-12106.53753	135	168.75
1449	1447	-12106.53753	135	168.75
1455	1504	-6720.430108	348	435
1456	1504	-6720.430108	348	435
1457	1459	-120481.9277	210	262.5
1460	1458	-17271.15717	210	262.5
1533	1461	-1531.628121	171	213.75
1600	1461	-6720.430108	135	168.75
1466	1482	-7564.29652	171	213.75
1470	1469	-1000000	657	821.25
1469	1515	-834.5155637	171	213.75
1469	1554	-8643.042351	135	168.75
1470	1555	-8643.042351	135	168.75
1477	1574	-1861.504095	135	168.75
1503	1483	-3456.619426	180	225
1502	1484	-3270.111184	210	262.5
1549	1486	-30211.48036	180	225
1492	1487	-9310.986965	210	262.5
1491	1490	-1000000	657	821.25
1493	1494	-17271.15717	210	262.5
1537	1494	-2951.593861	210	262.5
1496	1498	-17271.15717	112.5	140.625
1497	1499	-17271.15717	112.5	140.625
1526	1498	-3361.344538	180	225
1503	1502	-1000000	657	821.25
1515	1502	-2630.194634	210	262.5
1534	1504	-3102.699348	180	225
1542	1505	-8064.516129	210	262.5
1505	1557	-3184.713376	180	225
1508	1506	-7564.29652	171	213.75
1517	1506	-10080.64516	210	262.5
1517	1507	-3270.111184	171	213.75
1509	1511	-60606.06061	210	262.5
1517	1584	-3780.718336	210	262.5
1541	1518	-2160.760588	171	213.75
1519	1520	-12106.53753	135	168.75
1521	1522	-120481.9277	135	168.75
1529	1531	-80645.16129	171	213.75
1530	1532	-40322.58065	171	213.75
1583	1540	-8064.516129	180	225
1548	1547	-30211.48036	42	52.5
1548	1579	-1890.716582	180	225
1578	1560	-4840.271055	210	262.5
1592	1560	-120481.9277	210	262.5
1563	1564	-60606.06061	135	168.75
1565	1573	-5760.368664	210	262.5
1567	1569	-120481.9277	171	213.75
1568	1570	-120481.9277	210	262.5
1581	1580	-1000000	657	821.25
1586	1582	-20161.29032	210	262.5
1588	1589	-10080.64516	210	262.5
1590	1592	-7117.437722	210	262.5
1729	1602	-2676.659529	180	225
2001	1602	-7077.140835	180	225
1605	1603	-4257.130694	102	127.5
1759	1603	-1233.501912	180	225
2103	1603	-26737.96791	180	225
1604	1605	-20703.93375	102	127.5
1606	1673	-5913.660556	205.5	256.875
2095	1606	-4842.615012	205.5	256.875
1809	1607	-1300.55924	180	225
2226	1607	-930.7520477	180	225
1687	1608	-2068.252327	135	168.75
1826	1608	-4821.600771	135	168.75
1700	1609	-841.8925745	205.5	256.875
1823	1609	-718.9589474	205.5	256.875
2087	1609	-1740.947075	205.5	256.875
1611	1610	-1000000	657	821.25
1623	1610	-5042.864347	135	168.75
1987	1610	-2418.379686	135	168.75
1641	1612	-1381.21547	135	168.75
1662	1612	-24691.35802	135	168.75
1613	1859	-5117.707267	205.5	256.875
1921	1613	-12953.36788	205.5	256.875
1656	1614	-2887.669651	135	168.75
1867	1615	-1479.289941	135	168.75
1848	1616	-4130.524577	135	168.75
1616	2071	-3046.922608	135	168.75
1618	1617	-1000000	657	821.25
1840	1617	-784.1292245	180	225
2031	1617	-3513.703443	135	168.75
1619	1618	-4541.326067	180	225
1651	1618	-1021.763564	135	168.75
1984	1618	-2299.908004	205.5	256.875
1777	1619	-2881.014117	171	213.75
1839	1619	-678.2880011	180	225
2030	1619	-6540.222368	205.5	256.875
1621	1620	-1000000	657	821.25
1897	1620	-10080.64516	102	127.5
1620	2059	-7656.967841	180	225
1622	1894	-8012.820513	180	225
1622	2076	-5760.368664	180	225
1830	1623	-1806.032147	135	168.75
1832	1623	-3558.718861	180	225
2383	1623	-986.97197	135	168.75
1734	1624	-1684.636119	205.5	256.875
1889	1624	-2326.663564	135	168.75
1624	1898	-2849.814762	135	168.75
2383	1624	-986.97197	135	168.75
1820	1625	-1330.849082	136.5	170.625
1940	1625	-1726.221302	136.5	170.625
1626	2113	-3170.577045	135	168.75
1627	2087	-1092.29929	102	127.5
2107	1628	-4171.881519	180	225
2112	1628	-11001.10011	180	225
1659	1629	-1797.914419	205.5	256.875
1823	1629	-1442.169022	205.5	256.875
1840	1630	-1457.725948	180	225
1631	1647	-1091.107474	180	225
1632	1664	-144927.5362	205.5	256.875
1693	1632	-5500.550055	205.5	256.875
1633	1874	-2033.760423	135	168.75
1633	1906	-1297.016861	205.5	256.875
1860	1634	-1993.223042	135	168.75
1634	2113	-2168.256722	135	168.75
1636	1635	-1000000	657	821.25
1743	1635	-1512.401694	135	168.75
1810	1635	-2240.645306	180	225
1748	1637	-2122.691573	135	168.75
1871	1637	-1806.032147	99	123.75
1932	1637	-2086.375965	205.5	256.875
2045	1637	-15128.59304	135	168.75
1990	1638	-2465.483235	205.5	256.875
2044	1638	-15128.59304	135	168.75
2070	1638	-4158.004158	135	168.75
1735	1639	-1305.312622	180	225
1639	2103	-1360.729351	180	225
1903	1640	-2527.167046	136.5	170.625
2015	1640	-986.5824783	205.5	256.875
2020	1641	-1407.063459	205.5	256.875
1649	1642	-1766.472355	180	225
1692	1642	-2431.906615	205.5	256.875
1846	1643	-746.937556	135	168.75
2024	1643	-1015.950422	205.5	256.875
1761	1644	-1299.714063	135	168.75
1971	1644	-2590.673575	135	168.75
1645	1650	-909.7525473	205.5	256.875
1776	1645	-1572.574304	205.5	256.875
1655	1646	-6613.756614	180	225
1674	1646	-43290.04329	205.5	256.875
1648	1647	-1000000	657	821.25
1731	1647	-5385.029618	135	168.75
1767	1647	-2033.760423	135	168.75
1886	1647	-4397.537379	135	168.75
1887	1647	-4045.307443	135	168.75
2027	1647	-19531.25	180	225
2028	1647	-20283.97566	180	225
1752	1649	-2016.535592	180	225
1884	1649	-840.2655239	171	213.75
1948	1649	-448.4707149	205.5	256.875
1956	1649	-3184.713376	205.5	256.875
1930	1650	-6835.269993	180	225
1931	1650	-1512.401694	180	225
2068	1650	-1426.12664	205.5	256.875
1650	2077	-4299.226139	180	225
1916	1651	-2238.638908	205.5	256.875
1663	1652	-2000	135	168.75
1804	1652	-1482.799526	135	168.75
1918	1653	-18621.97393	205.5	256.875
2018	1653	-16806.72269	205.5	256.875
1669	1654	-879.7395971	136.5	170.625
1950	1654	-1325.381047	136.5	170.625
1901	1655	-4549.590537	205.5	256.875
1673	1656	-5602.240896	136.5	170.625
1917	1656	-1339.225927	136.5	170.625
1657	2002	-1939.111887	205.5	256.875
2106	1657	-5564.830273	135	168.75
1693	1658	-1479.289941	205.5	256.875
1845	1658	-1816.860465	114	142.5
1913	1658	-5376.344086	135	168.75
1658	2078	-9756.097561	114	142.5
1985	1659	-1210.067764	205.5	256.875
1737	1660	-18903.59168	205.5	256.875
1805	1660	-10000	205.5	256.875
1667	1661	-950.4799924	135	168.75
1804	1661	-1047.668937	135	168.75
1788	1662	-1682.935039	135	168.75
1826	1662	-873.6676568	135	168.75
1992	1663	-1061.458444	114	142.5
1665	1664	-1000000	657	821.25
1664	1775	-20703.93375	205.5	256.875
2020	1664	-2382.086708	205.5	256.875
1667	1666	-1598.465473	205.5	256.875
1983	1666	-1222.195062	205.5	256.875
2038	1667	-957.3042313	180	225
1668	1743	-1469.291801	135	168.75
1797	1668	-2197.802198	180	225
1670	1669	-1000000	657	821.25
1700	1669	-882.5346395	135	168.75
1758	1669	-5549.389567	135	168.75
1671	2060	-5216.48409	180	225
2059	1672	-21598.27214	180	225
1851	1673	-10121.45749	180	225
1986	1673	-2621.919245	136.5	170.625
1854	1674	-11001.10011	205.5	256.875
1893	1674	-11415.52511	205.5	256.875
1918	1674	-7077.140835	180	225
1684	1675	-2118.195298	136.5	170.625
1675	1917	-2431.906615	136.5	170.625
1864	1676	-1346.076188	135	168.75
1945	1676	-1139.731023	135	168.75
1907	1677	-7818.608288	135	168.75
1926	1678	-2810.567735	135	168.75
1757	1679	-822.5713581	135	168.75
1998	1679	-1699.524133	205.5	256.875
1681	1680	-1000000	657	821.25
1921	1680	-1871.607711	135	168.75
1960	1680	-9451.795841	135	168.75
1997	1680	-4042.037187	180	225
2012	1680	-2702.702703	205.5	256.875
1834	1681	-4351.610096	135	168.75
1859	1681	-3786.444529	205.5	256.875
1904	1681	-3307.972213	180	225
2096	1681	-3167.564143	135	168.75
1683	1682	-4295.532646	205.5	256.875
2029	1682	-2043.318349	205.5	256.875
1684	1683	-1000000	657	821.25
2015	1684	-707.6139258	205.5	256.875
2069	1685	-1350.438893	135	168.75
1697	1686	-2699.784017	135	168.75
1720	1686	-21598.27214	136.5	170.625
1827	1686	-2261.93169	135	168.75
1962	1686	-1089.087345	135	168.75
1702	1687	-13774.10468	135	168.75
1983	1687	-1137.268282	205.5	256.875
1835	1688	-870.4735376	135	168.75
2086	1688	-1435.338022	135	168.75
1689	1702	-8771.929825	135	168.75
1689	2062	-8038.585209	135	168.75
1690	1878	-1085.422772	205.5	256.875
1879	1690	-1707.94193	205.5	256.875
1861	1691	-1196.888091	135	168.75
1874	1691	-2874.389192	205.5	256.875
1695	1694	-1000000	657	821.25
1832	1694	-2240.645306	180	225
1963	1694	-1120.322653	171	213.75
1696	1697	-15243.90244	135	168.75
1698	1814	-782.840144	205.5	256.875
1793	1699	-573.4602592	205.5	256.875
1912	1701	-2965.599051	180	225
1922	1701	-5476.45126	180	225
1788	1703	-2030.044661	135	168.75
1951	1703	-1917.545542	135	168.75
1956	1704	-1130.837951	180	225
2112	1704	-975.8001561	135	168.75
1705	1814	-803.8585209	135	168.75
1974	1705	-9727.626459	135	168.75
1706	2112	-12004.80192	171	213.75
1707	2113	-12004.80192	171	213.75
2113	1708	-6720.430108	180	225
2046	1709	-806.6467694	135	168.75
2112	1709	-6720.430108	180	225
1710	1884	-13157.89474	102	127.5
1711	1885	-13157.89474	102	127.5
1713	1712	-1000000	657	821.25
1760	1712	-25188.91688	411	513.75
1762	1712	-25188.91688	240	300
2017	1712	-12610.34048	256.5	320.625
2056	1714	-40322.58065	135	168.75
1748	1715	-5042.864347	135	168.75
1715	2022	-6285.355123	135	168.75
1739	1716	-1936.108422	135	168.75
1847	1716	-3389.830508	135	168.75
1718	1717	-1000000	657	821.25
1717	1954	-1778.410101	13.5	16.875
1717	1967	-6049.606776	180	225
1717	2108	-1761.183515	171	213.75
2085	1719	-2670.940171	205.5	256.875
2087	1719	-2536.783359	205.5	256.875
2071	1720	-961.7234083	135	168.75
1871	1721	-2160.760588	102	127.5
1722	1844	-7961.783439	85.5	106.875
1731	1723	-7564.29652	135	168.75
1838	1723	-1951.600312	135	168.75
1795	1724	-7513.148009	205.5	256.875
1906	1724	-5144.032922	205.5	256.875
1725	1882	-4201.680672	102	127.5
1727	1726	-8230.452675	205.5	256.875
1756	1726	-2013.287699	136.5	170.625
1766	1726	-1920.491646	135	168.75
1825	1727	-2016.535592	180	225
1870	1728	-1733.402669	205.5	256.875
2104	1728	-1881.821603	205.5	256.875
1787	1729	-1571.338781	180	225
1884	1730	-1301.066875	114	142.5
1981	1730	-1222.195062	135	168.75
2027	1732	-6369.426752	180	225
1735	1733	-7037.297678	180	225
1737	1733	-2326.663564	180	225
1767	1734	-1680.672269	180	225
1808	1734	-3280.839895	102	127.5
1830	1734	-4321.521175	135	168.75
2065	1736	-5707.762557	135	168.75
1993	1737	-1756.234633	205.5	256.875
1738	1883	-6613.756614	102	127.5
1959	1739	-1223.391241	135	168.75
1969	1739	-3094.059406	135	168.75
1740	2064	-2765.486726	205.5	256.875
1741	1882	-2023.472278	135	168.75
1743	1742	-1000000	657	821.25
1963	1742	-2881.014117	135	168.75
1901	1744	-2160.760588	205.5	256.875
1906	1744	-1850.13876	205.5	256.875
1999	1744	-2249.212776	136.5	170.625
2043	1745	-1830.496064	135	168.75
1862	1746	-1607.458608	135	168.75
1746	2085	-977.4215619	205.5	256.875
1800	1747	-2122.691573	135	168.75
2041	1747	-17271.15717	135	168.75
2044	1747	-2283.105023	135	168.75
2056	1747	-5282.62018	135	168.75
2082	1747	-2469.135802	135	168.75
2042	1748	-17271.15717	135	168.75
2055	1748	-5282.62018	135	168.75
2061	1748	-604.9972775	114	142.5
2114	1748	-1222.195062	135	168.75
1749	1755	-7917.656374	171	213.75
1750	1919	-3106.554831	171	213.75
1751	2072	-97087.37864	135	168.75
1783	1752	-3456.619426	180	225
1772	1753	-3780.718336	180	225
1754	1920	-5571.030641	171	213.75
1755	1773	-1797.591228	205.5	256.875
1794	1756	-1838.911364	136.5	170.625
1945	1757	-1721.170396	135	168.75
1822	1758	-1577.535889	135	168.75
1801	1759	-5202.913632	180	225
1764	1760	-215.8801433	120	150
1863	1760	-3040.437823	180	225
1888	1760	-2936.857562	180	225
1964	1760	-2392.916966	180	225
1763	1761	-221.0042433	120	150
1855	1761	-3118.178983	180	225
1883	1761	-6472.491909	360	450
2234	1761	-1141.552511	102	127.5
1765	1883	-4306.632214	102	127.5
1935	1766	-1920.491646	135	168.75
1768	1919	-22271.71492	171	213.75
1769	1919	-22271.71492	171	213.75
1770	1920	-22271.71492	171	213.75
1771	2066	-28818.4438	180	225
1772	1801	-1375.705049	180	225
1773	2066	-7204.610951	180	225
1791	1774	-4572.473708	180	225
1777	1776	-1000000	657	821.25
1942	1776	-5282.62018	114	142.5
1782	1778	-6049.606776	205.5	256.875
1919	1778	-15128.59304	205.5	256.875
1920	1779	-15128.59304	205.5	256.875
2067	1780	-97087.37864	135	168.75
1920	1781	-5500.550055	180	225
2077	1781	-2441.40625	180	225
1783	1782	-1000000	657	821.25
1784	1919	-10672.35859	180	225
2067	1784	-5078.720163	135	168.75
1920	1785	-10672.35859	180	225
1791	1786	-3270.111184	180	225
2113	1786	-3667.03337	180	225
1790	1789	-1000000	657	821.25
1919	1789	-4033.884631	205.5	256.875
2113	1790	-2376.99073	180	225
1792	1919	-3131.850924	180	225
1796	1793	-4531.037608	136.5	170.625
1796	1794	-24213.07506	135	168.75
1894	1795	-20876.82672	180	225
1796	1843	-956.480153	135	168.75
1878	1796	-1025.430681	180	225
1798	1797	-1000000	657	821.25
1885	1799	-593.4365913	135	168.75
1803	1802	-1000000	657	821.25
1802	2092	-2072.109407	180	225
2065	1806	-10427.52868	135	168.75
1829	1807	-1273.723093	205.5	256.875
1839	1807	-1287.166946	180	225
1964	1809	-2545.17689	180	225
1811	1810	-1000000	657	821.25
2090	1810	-1440.507058	180	225
1813	1812	-1000000	657	821.25
1865	1812	-24213.07506	51	63.75
1865	1812	-24213.07506	51	63.75
1815	1814	-1000000	657	821.25
1820	1814	-7564.29652	136.5	170.625
1969	1814	-1789.228842	135	168.75
2069	1814	-1420.252805	135	168.75
1816	2068	-4800.768123	205.5	256.875
1817	2061	-2160.760588	114	142.5
1819	1818	-8064.516129	180	225
1818	2068	-8474.576271	205.5	256.875
1885	1819	-3903.200625	180	225
1845	1821	-1359.619307	205.5	256.875
1828	1822	-1718.803713	135	168.75
1857	1822	-1174.81203	205.5	256.875
1952	1822	-774.1735697	205.5	256.875
1910	1823	-2670.940171	135	168.75
2084	1823	-2145.462347	205.5	256.875
1824	1906	-4196.391104	135	168.75
1926	1824	-7818.608288	135	168.75
1825	2101	-1035.947374	180	225
1985	1827	-963.3911368	135	168.75
2098	1828	-4566.210046	135	168.75
1942	1829	-2420.135528	180	225
1838	1830	-3667.03337	135	168.75
1846	1831	-1091.226539	135	168.75
1864	1831	-2630.194634	135	168.75
1976	1833	-1666.666667	135	168.75
2047	1833	-1442.169022	135	168.75
1960	1834	-4599.816007	135	168.75
1944	1835	-1525.78578	135	168.75
1975	1836	-1696.928559	135	168.75
2102	1836	-1827.819411	135	168.75
1962	1837	-1355.01355	135	168.75
2102	1837	-1706.484642	135	168.75
2010	1839	-2847.38041	180	225
2100	1839	-2242.152466	180	225
2010	1840	-2847.38041	180	225
2032	1841	-847.3140146	15	18.75
1842	2054	-1466.705779	15	18.75
2000	1843	-952.0182788	135	168.75
2070	1844	-4708.097928	135	168.75
1939	1845	-711.7437722	135	168.75
1945	1845	-407.4149521	205.5	256.875
1992	1846	-1878.99286	114	142.5
2080	1846	-978.2821366	135	168.75
1925	1847	-2516.98968	135	168.75
1939	1848	-974.2790335	135	168.75
1849	2071	-1398.601399	135	168.75
1945	1850	-1743.375174	180	225
1991	1850	-3644.314869	180	225
1918	1852	-21978.02198	136.5	170.625
1926	1853	-2000.80032	135	168.75
1986	1853	-2619.172342	136.5	170.625
1924	1854	-9099.181074	205.5	256.875
2101	1855	-1053.962901	180	225
1986	1856	-1450.747135	136.5	170.625
2047	1856	-2331.545815	205.5	256.875
1858	1998	-1516.300227	205.5	256.875
1862	1860	-5293.806247	135	168.75
2093	1861	-1273.723093	205.5	256.875
2023	1863	-1060.445387	180	225
1866	1865	-1000000	657	821.25
1949	1865	-1234.720336	136.5	170.625
1963	1865	-2420.135528	171	213.75
2090	1865	-983.7678308	180	225
1946	1867	-1814.223512	205.5	256.875
1880	1868	-1704.158146	180	225
2105	1868	-1440.507058	135	168.75
1877	1869	-1718.803713	136.5	170.625
1978	1869	-2149.151085	205.5	256.875
1881	1873	-1392.369813	205.5	256.875
1994	1873	-948.3167378	51	63.75
2013	1873	-1177.024482	205.5	256.875
1873	2070	-1547.26907	135	168.75
1876	1875	-3428.179637	135	168.75
1877	1875	-14947.68311	135	168.75
1878	1876	-5549.389567	135	168.75
1877	1880	-476.9399533	205.5	256.875
2065	1877	-1490.090896	135	168.75
1935	1878	-878.7346221	135	168.75
1932	1880	-4171.881519	205.5	256.875
1947	1880	-1000	205.5	256.875
2050	1880	-3903.200625	205.5	256.875
2000	1881	-2249.212776	205.5	256.875
2033	1881	-858.1481164	180	225
2035	1881	-3361.344538	205.5	256.875
2079	1881	-3368.13742	205.5	256.875
2016	1882	-3428.179637	411	513.75
2273	1882	-499.80008	136.5	170.625
2333	1882	-1034.233116	180	225
2064	1883	-1785.395465	205.5	256.875
2244	1883	-545.7919441	180	225
2278	1883	-867.9802101	180	225
1884	2061	-2016.535592	114	142.5
2110	1884	-1731.901628	114	142.5
1934	1885	-1423.487544	102	127.5
2111	1885	-2407.897905	135	168.75
1961	1886	-4640.37123	136.5	170.625
1943	1888	-2086.375965	205.5	256.875
1890	1889	-1000000	657	821.25
1987	1889	-3667.03337	135	168.75
1892	1891	-1000000	657	821.25
2021	1891	-5760.368664	135	168.75
2041	1892	-5760.368664	135	168.75
1923	1893	-3049.710278	205.5	256.875
1900	1895	-5780.346821	135	168.75
1927	1895	-3734.129948	205.5	256.875
1896	2060	-294117.6471	180	225
1897	1988	-2153.316107	171	213.75
1899	1898	-1000000	657	821.25
2014	1898	-3743.916136	135	168.75
1903	1900	-3010.234798	205.5	256.875
2073	1900	-26315.78947	205.5	256.875
1901	1924	-16583.74793	205.5	256.875
1902	2002	-1229.709788	205.5	256.875
2073	1902	-1565.435191	205.5	256.875
2075	1902	-2833.663927	135	168.75
2104	1903	-846.1668641	135	168.75
1907	1906	-1000000	657	821.25
1906	1928	-4042.037187	180	225
1959	1906	-2367.984845	135	168.75
1914	1907	-703.8783698	135	168.75
1907	1929	-4042.037187	180	225
1908	1920	-250000	205.5	256.875
1909	1919	-322580.6452	205.5	256.875
2097	1910	-6506.180872	135	168.75
1996	1911	-1893.580761	171	213.75
2112	1911	-1248.751249	171	213.75
2096	1912	-4653.327129	180	225
2086	1913	-3915.426782	135	168.75
1915	1914	-1000000	657	821.25
1975	1914	-1728.60847	136.5	170.625
2038	1914	-1170.275015	136.5	170.625
2100	1916	-2344.665885	205.5	256.875
2066	1920	-48076.92308	180	225
2072	1920	-3106.554831	135	168.75
1922	1921	-1000000	657	821.25
1995	1921	-4960.31746	135	168.75
2012	1922	-6079.027356	180	225
2080	1922	-3253.090436	135	168.75
2076	1923	-9718.172983	180	225
1933	1925	-4621.072089	135	168.75
2073	1927	-7911.392405	205.5	256.875
2018	1929	-7117.437722	205.5	256.875
1930	2074	-3007.518797	135	168.75
1977	1931	-1440.507058	205.5	256.875
2095	1933	-5149.330587	180	225
1988	1934	-1152.339249	102	127.5
1936	2044	-11086.4745	205.5	256.875
1937	2045	-11086.4745	205.5	256.875
1938	2091	-2755.58005	135	168.75
1941	2105	-1523.925632	135	168.75
1993	1943	-1398.797035	205.5	256.875
2049	1944	-1243.626415	205.5	256.875
2015	1946	-1382.934587	135	168.75
1948	1947	-1000000	657	821.25
2025	1949	-4321.521175	136.5	170.625
1951	1950	-1154.601085	205.5	256.875
1953	1952	-5216.48409	205.5	256.875
1953	2093	-1125.492403	205.5	256.875
1956	1955	-1000000	657	821.25
2033	1955	-1301.066875	180	225
1958	1957	-1000000	657	821.25
1957	1987	-2475.247525	171	213.75
2060	1957	-2111.932418	180	225
1973	1963	-4321.521175	171	213.75
2048	1965	-769.2307692	135	168.75
2084	1965	-1718.803713	205.5	256.875
1966	2090	-1052.188552	205.5	256.875
2114	1966	-2050.861362	135	168.75
1987	1967	-3646.973012	171	213.75
2048	1968	-930.2325581	205.5	256.875
1968	2113	-877.0391159	205.5	256.875
1999	1970	-1858.736059	136.5	170.625
2038	1970	-1657.550141	135	168.75
2047	1971	-1365.747064	135	168.75
2091	1972	-1091.107474	205.5	256.875
1976	1974	-1060.445387	135	168.75
2037	1977	-1210.067764	205.5	256.875
1978	2013	-1495.662579	205.5	256.875
1979	2074	-11135.85746	135	168.75
1980	2077	-10341.26163	180	225
1982	1981	-1000000	657	821.25
1987	1981	-2376.99073	102	127.5
2063	1984	-2527.167046	205.5	256.875
1987	2014	-3924.646782	135	168.75
1988	2108	-3667.03337	102	127.5
1991	1989	-5449.591281	135	168.75
2049	1989	-5449.591281	135	168.75
1990	2079	-6644.518272	205.5	256.875
2078	1995	-3280.839895	114	142.5
2085	1996	-1183.992422	205.5	256.875
2023	2001	-1609.010459	180	225
2011	2003	-11001.10011	205.5	256.875
2006	2004	-10080.64516	205.5	256.875
2007	2005	-8643.042351	205.5	256.875
2008	2006	-3184.713376	205.5	256.875
2010	2006	-10080.64516	205.5	256.875
2009	2007	-2469.135802	210	262.5
2010	2007	-9310.986965	205.5	256.875
2011	2010	-1000000	657	821.25
2019	2018	-1000000	657	821.25
2040	2021	-4237.288136	205.5	256.875
2056	2021	-6369.426752	135	168.75
2058	2021	-3667.03337	205.5	256.875
2035	2022	-3558.718861	205.5	256.875
2037	2022	-2750.275028	180	225
2026	2025	-1000000	657	821.25
2029	2064	-1102.292769	205.5	256.875
2075	2032	-818.6655751	135	168.75
2050	2034	-24213.07506	205.5	256.875
2058	2034	-3558.718861	205.5	256.875
2037	2036	-1000000	657	821.25
2036	2039	-4175.365344	205.5	256.875
2055	2037	-2958.579882	135	168.75
2106	2038	-963.8554217	135	168.75
2053	2042	-4482.294935	135	168.75
2052	2045	-2813.731007	135	168.75
2069	2046	-27472.52747	135	168.75
2051	2079	-5941.770648	205.5	256.875
2057	2052	-54945.05495	177	221.25
2248	2054	-1008.369467	205.5	256.875
2059	2091	-1668.891856	180	225
2067	2107	-1937.984496	135	168.75
2074	2072	-12062.72618	135	168.75
2081	2076	-714285.7143	180	225
2094	2078	-14947.68311	114	142.5
2115	2080	-416666.6667	135	168.75
2089	2088	-1000000	657	821.25
2092	2088	-1392.369813	171	213.75
2091	2090	-1000000	657	821.25
2099	2097	-5760.368664	135	168.75
2099	2098	-5282.62018	135	168.75
2109	2108	-1000000	657	821.25
2166	2116	-6369.426752	180	225
2116	2167	-9165.902841	205.5	256.875
2216	2117	-823.1130134	102	127.5
2117	2235	-1440.507058	102	127.5
2118	2131	-4725.897921	205.5	256.875
2118	2134	-2240.645306	187.5	234.375
2123	2119	-13297.87234	205.5	256.875
2119	2220	-13297.87234	180	225
2119	2311	-2391.200383	205.5	256.875
2368	2119	-20161.29032	205.5	256.875
2368	2119	-20161.29032	205.5	256.875
2369	2119	-13908.20584	85.5	106.875
2245	2120	-791.8910358	142.5	178.125
2120	2365	-1445.71346	205.5	256.875
2122	2121	-1000000	657	821.25
2121	2158	-1609.010459	121.5	151.875
2199	2121	-2020.20202	102	127.5
2121	2380	-564.3659349	105	131.25
2122	2315	-1090.037061	148.5	185.625
2306	2123	-7704.160247	205.5	256.875
2124	2129	-5627.462015	91.5	114.375
2250	2124	-828.7750704	171	213.75
2124	2308	-1266.945395	102	127.5
2229	2125	-1472.75405	183	228.75
2125	2377	-1438.021283	180	225
2126	2132	-10080.64516	205.5	256.875
2194	2126	-9233.610342	205.5	256.875
2127	2284	-3184.713376	70.5	88.125
2290	2127	-1531.628121	102	127.5
2128	2365	-10905.12541	183	228.75
2129	2193	-1382.934587	112.5	140.625
2130	2137	-828.7750704	210	262.5
2131	2306	-15923.56688	205.5	256.875
2132	2196	-9451.795841	180	225
2134	2133	-1000000	657	821.25
2269	2133	-3558.718861	130.5	163.125
2194	2134	-1779.359431	121.5	151.875
2337	2134	-1454.333915	205.5	256.875
2164	2135	-1545.356205	135	168.75
2135	2268	-1609.010459	135	168.75
2251	2136	-1784.758165	124.5	155.625
2136	2282	-2274.277917	117	146.25
2137	2142	-13157.89474	102	127.5
2146	2137	-1668.891856	70.5	88.125
2137	2348	-1092.060719	102	127.5
2139	2138	-1000000	657	821.25
2138	2169	-1025.430681	127.5	159.375
2173	2138	-5760.368664	205.5	256.875
2138	2377	-846.1668641	142.5	178.125
2255	2139	-4321.521175	184.5	230.625
2139	2304	-9310.986965	205.5	256.875
2140	2339	-1731.00225	102	127.5
2349	2140	-1890.716582	210	262.5
2349	2140	-1890.716582	210	262.5
2345	2141	-1440.507058	205.5	256.875
2141	2357	-1117.318436	142.5	178.125
2142	2316	-884.4861136	102	127.5
2143	2187	-1080.380294	85.5	106.875
2294	2143	-1680.672269	187.5	234.375
2145	2144	-2590.673575	45	56.25
2145	2328	-802.8904055	57	71.25
2189	2146	-2126.754573	102	127.5
2169	2147	-6540.222368	171	213.75
2147	2233	-6540.222368	171	213.75
2148	2374	-25773.19588	114	142.5
2313	2149	-1695.202577	183	228.75
2229	2150	-1407.063459	135	168.75
2150	2322	-1407.063459	117	146.25
2164	2151	-1402.131239	135	168.75
2151	2323	-1402.131239	57	71.25
2152	2260	-1334.044824	102	127.5
2290	2152	-1395.673412	102	127.5
2374	2153	-1559.332606	102	127.5
2154	2200	-2813.731007	180	225
2154	2303	-4599.816007	180	225
2360	2155	-5875.440658	135	168.75
2155	2362	-9832.841691	102	127.5
2156	2157	-608.6427267	102	127.5
2366	2156	-1452.011035	102	127.5
2158	2157	-1000000	657	821.25
2214	2157	-3324.468085	178.5	223.125
2351	2157	-1118.31805	205.5	256.875
2213	2158	-3361.344538	205.5	256.875
2160	2159	-3558.718861	199.5	249.375
2159	2165	-626.9592476	127.5	159.375
2159	2251	-1704.158146	135	168.75
2284	2159	-3184.713376	70.5	88.125
2375	2159	-18903.59168	205.5	256.875
2279	2160	-1512.401694	142.5	178.125
2298	2161	-1043.07917	205.5	256.875
2161	2375	-9451.795841	205.5	256.875
2162	2195	-5282.62018	48	60
2163	2196	-5282.62018	48	60
2233	2165	-24213.07506	190.5	238.125
2165	2263	-4482.294935	183	228.75
2296	2165	-24213.07506	205.5	256.875
2328	2165	-555.0313593	148.5	185.625
2166	2168	-1486.546752	205.5	256.875
2171	2166	-5042.864347	180	225
2282	2166	-4653.327129	117	146.25
2297	2166	-24213.07506	205.5	256.875
2338	2166	-925.0693802	205.5	256.875
2167	2169	-3853.564547	102	127.5
2286	2167	-5931.198102	205.5	256.875
2167	2287	-6720.430108	205.5	256.875
2167	2371	-6720.430108	180	225
2263	2168	-23752.96912	205.5	256.875
2168	2275	-6369.426752	153	191.25
2168	2370	-6720.430108	180	225
2299	2169	-1110.124334	171	213.75
2307	2169	-24213.07506	190.5	238.125
2205	2170	-1436.988073	108	135
2206	2170	-2881.014117	180	225
2241	2170	-893.6550492	114	142.5
2275	2170	-2750.275028	153	191.25
2170	2327	-2283.105023	171	213.75
2367	2170	-2121.340687	171	213.75
2330	2171	-2172.496198	180	225
2173	2172	-1000000	657	821.25
2180	2172	-24213.07506	190.5	238.125
2172	2341	-28818.4438	205.5	256.875
2172	2356	-2881.014117	205.5	256.875
2173	2179	-7855.459544	142.5	178.125
2173	2332	-24213.07506	190.5	238.125
2174	2257	-1967.342121	199.5	249.375
2267	2174	-2300.437083	102	127.5
2185	2175	-20161.29032	205.5	256.875
2175	2186	-5500.550055	205.5	256.875
2176	2247	-1753.770607	102	127.5
2177	2232	-840.2655239	102	127.5
2352	2177	-1468.428781	102	127.5
2178	2199	-1397.233478	102	127.5
2209	2178	-1726.221302	102	127.5
2179	2299	-10706.63812	180	225
2332	2180	-24213.07506	190.5	238.125
2181	2339	-13440.86022	171	213.75
2182	2340	-13440.86022	171	213.75
2183	2235	-1635.055592	102	127.5
2184	2286	-3456.619426	205.5	256.875
2296	2184	-5760.368664	205.5	256.875
2325	2185	-12106.53753	180	225
2188	2186	-1000000	657	821.25
2193	2186	-1011.736139	187.5	234.375
2309	2186	-4201.680672	171	213.75
2221	2187	-767.7543186	159	198.75
2225	2187	-1457.725948	148.5	185.625
2352	2187	-892.2994557	102	127.5
2221	2188	-771.6644803	171	213.75
2324	2188	-4073.319756	171	213.75
2285	2190	-856.9714629	102	127.5
2190	2382	-1210.067764	102	127.5
2228	2191	-5790.387956	102	127.5
2250	2191	-1222.195062	135	168.75
2191	2276	-3010.234798	159	198.75
2191	2335	-1251.251251	205.5	256.875
2192	2237	-4201.680672	180	225
2274	2192	-3769.317753	162	202.5
2196	2195	-1000000	657	821.25
2212	2195	-1592.103168	148.5	185.625
2336	2195	-822.0304151	120	150
2368	2195	-4201.680672	133.5	166.875
2204	2196	-1382.934587	102	127.5
2220	2196	-9451.795841	142.5	178.125
2302	2196	-32679.73856	67.5	84.375
2274	2197	-4821.600771	171	213.75
2197	2333	-1034.233116	180	225
2198	2258	-1025.430681	210	262.5
2198	2272	-1800.504141	102	127.5
2200	2361	-687.521485	114	142.5
2202	2201	-1000000	657	821.25
2202	2376	-1273.723093	102	127.5
2203	2205	-1068.947087	108	135
2320	2203	-970.3085581	114	142.5
2328	2203	-587.9586077	205.5	256.875
2210	2204	-8576.329331	205.5	256.875
2356	2206	-3456.619426	180	225
2207	2209	-7077.140835	135	168.75
2208	2255	-10799.13607	205.5	256.875
2341	2208	-14409.2219	205.5	256.875
2209	2351	-1615.508885	205.5	256.875
2316	2210	-825.0144378	85.5	106.875
2211	2214	-23752.96912	148.5	185.625
2224	2211	-4171.881519	187.5	234.375
2295	2212	-3024.803388	171	213.75
2224	2213	-1951.600312	205.5	256.875
2215	2217	-7288.629738	171	213.75
2278	2215	-1144.688645	171	213.75
2218	2216	-1592.103168	102	127.5
2237	2217	-5042.864347	180	225
2245	2218	-1318.044023	51	63.75
2301	2218	-1972.386588	124.5	155.625
2219	2251	-1531.628121	31.5	39.375
2223	2221	-7513.148009	142.5	178.125
2221	2238	-766.812361	205.5	256.875
2222	2227	-1753.770607	142.5	178.125
2222	2352	-1461.347362	183	228.75
2240	2223	-1508.750754	187.5	234.375
2224	2318	-1531.628121	102	127.5
2276	2225	-930.7520477	159	198.75
2362	2226	-972.6680284	148.5	185.625
2227	2339	-3723.008191	142.5	178.125
2267	2228	-1069.861988	102	127.5
2230	2229	-7288.629738	205.5	256.875
2355	2230	-1639.613051	205.5	256.875
2231	2236	-1906.577693	180	225
2334	2231	-3148.61461	180	225
2292	2232	-953.5615524	102	127.5
2232	2362	-1269.680041	135	168.75
2233	2259	-24213.07506	190.5	238.125
2233	2259	-24213.07506	190.5	238.125
2234	2361	-2489.419965	115.5	144.375
2235	2257	-775.6146746	102	127.5
2236	2359	-1064.169416	180	225
2247	2237	-3805.175038	102	127.5
2273	2237	-2958.579882	135	168.75
2238	2298	-6049.606776	205.5	256.875
2268	2239	-1001.702895	67.5	84.375
2239	2380	-1277.791975	67.5	84.375
2335	2240	-1084.245907	205.5	256.875
2338	2241	-4464.285714	183	228.75
2246	2242	-1454.333915	102	127.5
2242	2280	-1454.333915	205.5	256.875
2309	2243	-6049.606776	171	213.75
2324	2243	-9310.986965	171	213.75
2310	2244	-1059.546514	114	142.5
2346	2244	-1861.504095	117	146.25
2246	2258	-900.3331233	171	213.75
2248	2269	-1250	205.5	256.875
2249	2262	-1096.972356	102	127.5
2252	2311	-1265.662574	180	225
2253	2274	-1753.770607	180	225
2323	2254	-1233.501912	102	127.5
2254	2380	-903.0160737	102	127.5
2256	2283	-13440.86022	180	225
2287	2256	-10080.64516	205.5	256.875
2258	2257	-1000000	657	821.25
2257	2260	-2326.663564	171	213.75
2262	2257	-864.3042351	210	262.5
2258	2261	-2326.663564	171	213.75
2261	2260	-1000000	657	821.25
2271	2260	-2653.223667	102	127.5
2331	2260	-547.2555136	67.5	84.375
2266	2261	-7288.629738	171	213.75
2272	2261	-5707.762557	120	150
2365	2261	-2653.223667	205.5	256.875
2270	2264	-7288.629738	102	127.5
2264	2271	-5760.368664	102	127.5
2355	2265	-780.6401249	205.5	256.875
2265	2378	-20161.29032	205.5	256.875
2272	2270	-7288.629738	171	213.75
2274	2273	-1000000	657	821.25
2310	2273	-3261.578604	153	191.25
2376	2273	-960.338039	93	116.25
2277	2366	-151515.1515	102	127.5
2280	2279	-1000000	657	821.25
2281	2334	-4653.327129	180	225
2338	2281	-4653.327129	180	225
2283	2326	-9310.986965	171	213.75
2285	2314	-1161.17046	85.5	106.875
2288	2344	-9310.986965	135	168.75
2288	2345	-1833.180568	205.5	256.875
2310	2289	-1111.852346	171	213.75
2291	2305	-909.5043201	102	127.5
2308	2292	-1945.525292	102	127.5
2327	2293	-4033.884631	205.5	256.875
2293	2330	-4215.851602	205.5	256.875
2336	2294	-13755.15818	187.5	234.375
2379	2295	-1070.778456	171	213.75
2304	2300	-4840.271055	205.5	256.875
2300	2353	-1365.747064	135	168.75
2354	2300	-2750.275028	205.5	256.875
2303	2343	-14245.01425	171	213.75
2305	2316	-1894.298163	102	127.5
2312	2313	-7911.392405	183	228.75
2319	2313	-1070.778456	102	127.5
2313	2381	-758.6102261	102	127.5
2329	2317	-4321.521175	135	168.75
2317	2350	-2122.691573	102	127.5
2318	2321	-1531.628121	102	127.5
2374	2319	-683.6204539	102	127.5
2321	2323	-1174.81203	76.5	95.625
2322	2323	-3024.803388	102	127.5
2323	2329	-12106.53753	117	146.25
2323	2380	-521.1047421	102	127.5
2359	2324	-1914.608463	180	225
2324	2379	-913.9097057	102	127.5
2326	2367	-6060.606061	171	213.75
2340	2339	-1000000	657	821.25
2342	2339	-7380.073801	196.5	245.625
2343	2339	-10080.64516	171	213.75
2342	2343	-5577.244841	205.5	256.875
2344	2342	-1743.375174	205.5	256.875
2347	2342	-13440.86022	171	213.75
2347	2342	-2866.972477	114	142.5
2348	2379	-876.8084174	85.5	106.875
2350	2366	-1842.638659	102	127.5
2353	2378	-1344.447432	205.5	256.875
2354	2377	-1758.705593	205.5	256.875
2358	2357	-1000000	657	821.25
2357	2363	-2420.135528	135	168.75
2357	2372	-13440.86022	171	213.75
2357	2372	-13440.86022	171	213.75
2358	2361	-1666.666667	205.5	256.875
2363	2360	-6049.606776	135	168.75
2362	2361	-1000000	657	821.25
2364	2367	-151515.1515	171	213.75
2373	2372	-1000000	657	821.25
2378	2377	-1000000	657	821.25
2381	2380	-1000000	657	821.25
2382	2381	-2630.194634	171	213.75
